1124.3482449879002
1307.5992789068885
2783.4051700856076
1744.6980626247489
1779.5167509937803
1691.1050990500105
2005.8029772871159
1910.4028285668558
2013.9521145772044
1957.0616118731261
2551.4893141462931
1888.8143240957261
2414.4108881159359
1422.8365137954763
1313.9694477941387
1519.6241589818324
1949.387299914091
2117.2743595232068
1323.4426418800701
1300.9859094006083
1383.714015052836
1376.4119443905633
1719.471105099381
2330.4044288893679
1702.1098143414599
1923.2142999516952
981.34531336572411
1439.7618755204028
2517.6517612082453
1426.0043584910695
2030.6610059214192
2019.5497706357048
2101.3013910986033
1484.9195533118325
1895.0607427843163
1703.4407842098735
2108.517212053895
1743.7652035363942
1330.037784700871
2086.5964136461162
1688.6584315496657
1546.0438312515882
1625.1589222276436
1716.8518918643065
1701.8277134146829
2028.527370633856
1733.7600981676933
*******************************
1775.8488092323369
