1
1
1
1
0.515625
0.515625
0.24169912499999999
0.016286074707031251
0.016190259338378907
0.016420129669189452
0.016420129669189452
0.013768820604324342
0.01611541030216217
0.011301602575540543
0.017358650643885136
0.017358650643885136
0.017358650643885136
0.017358650643885136
0.017358650643885136
0.017358650643885136
0.017358650643885136
0.017358650643885136
0.017358650643885136
0.017358650643885136
0.017358650643885136
0.017358650643885136
0.016749825321942566
0.018532025791310705
0.015138256447827677
0.013996476763994615
0.013996476763994615
0.018285559595499327
0.019162279797749662
0.019878784974718709
0.019981392487359355
0.019981392487359355
0.024219196243679679
0.024219196243679679
0.024219196243679679
0.025965049060919919
0.026052524530459961
0.026052524530459961
0.026052524530459961
0.027978262265229981
0.027978262265229981
0.02443813113261499
0.02443813113261499
0.022751782783153748
0.020771611423947109
0.020869805711973555
0.021896902855986777
0.021948951427993389
0.021948951427993389
0.021948951427993389
0.022657975713996692
0.022657975713996692
0.023311987856998347
0.023311987856998347
0.023158993928499173
0.023158993928499173
0.023529996964249587
0.0246279996205312
0.0246279996205312
0.024087249952566399
0.023688281244070797
0.023562140622035398
0.023562140622035398
0.023562140622035398
0.023562140622035398
0.023562140622035398
0.023562140622035398
0.023543570311017697
0.023537571288877214
0.023320285644438606
0.023500455352777415
0.023500455352777415
0.023398727676388707
0.023398727676388707
0.023398727676388707
0.023398727676388707
0.023571431919097177
0.023368901994943573
0.023367237749367945
0.023367237749367945
0.023368118874683971
0.023335139859335496
0.023308017482416937
0.023309504370604237
0.023454126092651059
0.023454126092651059
0.023454126092651059
0.023454126092651059
0.02341856304632553
0.02341856304632553
0.02341856304632553
0.02341856304632553
0.02341856304632553
0.02341856304632553
0.023378781523162764
0.02339189076158138
0.023395445380790691
0.023395445380790691
0.023395445380790691
0.023395445380790691
0.023395445380790691
0.023395445380790691
0.023395445380790691
0.023396722690395347
0.023397361345197674
0.023397361345197674
0.023397090336299421
0.023397090336299421
0.023397090336299421
0.023397090336299421
0.023397090336299421
0.023397090336299421
0.023397090336299421
0.023397090336299421
0.023397090336299421
0.023397090336299421
0.023397090336299421
0.023371005646018714
0.02336706285287617
0.023367031426438083
0.023367031426438083
0.023367031426438083
0.023366515713219044
0.023366515713219044
0.023366257856609521
0.02336662892830476
0.023368453616038096
0.023368113404009523
0.023367069587750595
0.023367069587750595
0.023367767396937647
0.023366941849234411
0.023366941849234411
0.023367970924617204
0.023367992731154301
0.023367498182788576
0.023367124545697143
0.023367124545697143
0.023367124545697143
0.023367124545697143
0.023367015568212142
0.023367000973013259
0.023367000973013259
0.023367000973013259
0.023367000973013259
0.023367000121626656
0.023367000121626656
0.023367000060813325
0.023367000060813325
0.023367000015203331
0.023367000007601665
0.023367000000475105
0.023367000000059389
0.023367000000000464
0.023366999999999999
0.023366999999999999
0.023366999999999999
0.023366999999999999
0.023366999999999999
0.023366999999999999
0.023366999999999999
0.023366999999999999
0.023366999999999999
0.023366999999999999
0.023366999999999999
0.023366999999999999
0.023366999999999999
0.023366999999999999
0.023366999999999999
0.023366999999999999
0.023366999999999999
0.023366999999999999
0.023366999999999999
0.023366999999999999
0.023366999999999999
0.023366999999999999
0.023366999999999999
0.023366999999999999
0.023366999999999999
0.023366999999999999
0.023366999999999999
0.023366999999999999
0.023366999999999999
0.023366999999999999
0.023366999999999999
0.023366999999999999
0.023366999999999999
0.023366999999999999
0.023366999999999999
0.023366999999999999
0.023366999999999999
0.023366999999999999
0.023366999999999999
0.023366999999999999
0.023366999999999999
0.023366999999999999
0.023366999999999999
0.023366999999999999
0.023366999999999999
0.023366999999999999
0.023366999999999999
0.023366999999999999
0.023366999999999999
0.023366999999999999
0.023366999999999999
0.023366999999999999
0.023366999999999999
0.023366999999999999
0.023366999999999999
0.023366999999999999
0.023366999999999999
0.023366999999999999
0.023366999999999999
0.023366999999999999
0.023366999999999999
0.023366999999999999
0.023366999999999999
0.023366999999999999
0.023366999999999999
0.023366999999999999
0.023366999999999999
0.023366999999999999
0.023366999999999999
0.023366999999999999
0.023366999999999999
0.023366999999999999
0.023366999999999999
0.023366999999999999
0.023366999999999999
0.023366999999999999
0.023366999999999999
0.023366999999999999
0.023366999999999999
0.023366999999999999
0.023366999999999999
0.023366999999999999
0.023366999999999999
0.023366999999999999
0.023366999999999999
0.023366999999999999
0.023366999999999999
0.023366999999999999
0.023366999999999999
0.023366999999999999
0.023366999999999999
0.023366999999999999
0.023366999999999999
0.023366999999999999
0.023366999999999999
0.023366999999999999
0.023366999999999999
0.023366999999999999
0.023366999999999999
0.023366999999999999
0.023366999999999999
0.023366999999999999
0.023366999999999999
0.023366999999999999
0.023366999999999999
0.023366999999999999
0.023366999999999999
0.023366999999999999
0.023366999999999999
0.023366999999999999
0.023366999999999999
0.023366999999999999
0.023366999999999999
0.023366999999999999
0.023366999999999999
0.023366999999999999
0.023366999999999999
0.023366999999999999
0.023366999999999999
0.023366999999999999
0.023366999999999999
0.023366999999999999
0.023366999999999999
0.023366999999999999
0.023366999999999999
0.023366999999999999
0.023366999999999999
0.023366999999999999
0.023366999999999999
0.023366999999999999
0.023366999999999999
0.023366999999999999
0.023366999999999999
0.023366999999999999
0.023366999999999999
0.023366999999999999
0.023366999999999999
0.023366999999999999
0.023366999999999999
0.023366999999999999
0.023366999999999999
0.023366999999999999
0.023366999999999999
0.023366999999999999
0.023366999999999999
0.023366999999999999
0.023366999999999999
0.023366999999999999
0.023366999999999999
0.023366999999999999
0.023366999999999999
0.023366999999999999
0.023366999999999999
0.023366999999999999
0.023366999999999999
0.023366999999999999
0.023366999999999999
0.023366999999999999
0.023366999999999999
0.023366999999999999
0.023366999999999999
0.023366999999999999
0.023366999999999999
0.023366999999999999
0.023366999999999999
0.023366999999999999
0.023366999999999999
0.023366999999999999
0.023366999999999999
0.023366999999999999
0.023366999999999999
0.023366999999999999
0.023366999999999999
0.023366999999999999
0.023366999999999999
0.023366999999999999
0.023366999999999999
0.023366999999999999
0.023366999999999999
0.023366999999999999
0.023366999999999999
0.023366999999999999
0.023366999999999999
0.023366999999999999
0.023366999999999999
0.023366999999999999
0.023366999999999999
0.023366999999999999
0.023366999999999999
0.023366999999999999
0.023366999999999999
0.023366999999999999
0.023366999999999999
0.023366999999999999
0.023366999999999999
0.023366999999999999
0.023366999999999999
0.023366999999999999
0.023366999999999999
0.023366999999999999
0.023366999999999999
0.023366999999999999
0.023366999999999999
0.023366999999999999
0.023366999999999999
0.023366999999999999
0.023366999999999999
0.023366999999999999
0.023366999999999999
0.023366999999999999
0.023366999999999999
0.023366999999999999
0.023366999999999999
0.023366999999999999
0.023366999999999999
0.023366999999999999
0.023366999999999999
0.023366999999999999
0.023366999999999999
0.023366999999999999
