2123.6808446294049
2344.9828276074559
2137.4519424439036
2392.7518664329159
1463.2639455109081
1579.0753128078877
2247.8872974820611
1946.5438163122719
2374.4311527804084
2164.132646240439
1569.9560008839237
1870.0592265304472
1948.5904422836379
2059.644781091748
2474.4014245821231
2192.3500035935922
2395.4918238486216
2148.1555384664161
2227.4381237976199
1973.0671905873635
2262.9383260412092
1960.5906118530199
1934.2917835190763
2108.7398235967444
2167.1125520988749
2036.9646890901249
1727.2186178956774
2092.407085374351
1878.9819147499193
2328.6307546184121
2358.8770470638383
2037.8063696707579
1389.93270189809
2429.6156277192676
2344.6981661875689
1256.2575990300911
2105.2809637628943
1773.2413678159687
1718.5058087538562
*******************************
2039.6268722731504
