1
1
1
0.5
0.24609350000000002
0.24609350000000002
0.076904687499999999
0.014081352905273438
0.014084802389144897
0.015208200597286226
0.015208200597286226
0.012959400074660779
0.011805700037330389
0.0054663375046662991
0.0092540843761665763
0.0092540843761665763
0.0092540843761665763
0.0092540843761665763
0.0092540843761665763
0.0092540843761665763
0.0092540843761665763
0.0092540843761665763
0.0092540843761665763
0.0092540843761665763
0.0092540843761665763
0.0092540843761665763
0.015356542188083288
0.023758695971688802
0.020305847985844401
0.015530307749557638
0.012752153874778819
0.013269288468694705
0.013427072117173675
0.01393976802929342
0.01393976802929342
0.01393976802929342
0.013869384014646709
0.013869384014646709
0.013869384014646709
0.013791596003661678
0.013758399000915418
0.013758399000915418
0.013758399000915418
0.013758399000915418
0.013687699500457709
0.013687699500457709
0.013687699500457709
0.013430712437557214
0.012068214054694652
0.011981607027347326
0.011981607027347326
0.011999303513673662
0.011999303513673662
0.011999303513673662
0.011999303513673662
0.011999303513673662
0.011999303513673662
0.011862651756836831
0.011570825878418416
0.011570825878418416
0.011708912939209209
0.012214057058700576
0.012214057058700576
0.012346014264675144
0.012284003566168787
0.012284003566168787
0.012284003566168787
0.012284003566168787
0.012284003566168787
0.012284003566168787
0.012284003566168787
0.012298501783084392
0.012307687722885548
0.012353421930721387
0.012499838870670087
0.012499838870670087
0.012510919435335045
0.012510919435335045
0.012510919435335045
0.012510919435335045
0.012520459717667522
0.012507920616177112
0.012507990077022139
0.012507990077022139
0.012495495038511068
0.012475247519255534
0.012428288984976735
0.012407393061561045
0.012365196530780522
0.012365196530780522
0.012365196530780522
0.012365196530780522
0.012385098265390261
0.012385098265390261
0.012385098265390261
0.012385098265390261
0.012385098265390261
0.012385098265390261
0.012406774566347565
0.012417887283173782
0.012419721820793445
0.012419721820793445
0.012419721820793445
0.012419721820793445
0.012419721820793445
0.012419721820793445
0.012419721820793445
0.012419860910396723
0.012419860910396723
0.012419860910396723
0.012419965227599181
0.012419965227599181
0.012419965227599181
0.012419965227599181
0.012419965227599181
0.012419965227599181
0.012425482613799589
0.012425482613799589
0.012425482613799589
0.012428241306899793
0.012428241306899793
0.012429890081681237
0.012429999785315783
0.012429999892657893
0.012429999892657893
0.012429499946328946
0.012429249973164472
0.012429249973164472
0.012429124986582236
0.012429562493291118
0.012430097655830695
0.012430012206978838
0.012430001525872356
0.012430001525872356
0.012430000762936178
0.012430000762936178
0.012430000762936178
0.01243000038146809
0.012429250095367023
0.012429250095367023
0.012429062523841756
0.012429031261920877
0.012429031261920877
0.012429031261920877
0.012429189453870056
0.012429047363467515
0.012429047363467515
0.012429047363467515
0.012429047363467515
0.01242901184086688
0.01242901184086688
0.012429005920433441
0.012429005920433441
0.01242900296021672
0.012429500740054181
0.012429968796253386
0.012429998049765837
0.012429999984763795
0.012429015624970244
0.012429000488280322
0.012429000061035041
0.012429000007629382
0.012429000000953674
0.012429000000059604
0.012429000000000932
0.012429000000000009
0.012429000000000003
0.012429000000000003
0.012429000000000003
0.012429000000000003
0.012429000000000003
0.012429000000000003
0.012429000000000003
0.012429000000000003
0.01242975
0.01242975
0.01242975
0.01242975
0.01242975
0.01242975
0.01242975
0.01242975
0.01242975
0.01242975
0.012429187500000001
0.012429593750000001
0.01242999365234375
0.01242999365234375
0.01242999365234375
0.01242999365234375
0.01242999365234375
0.01242999365234375
0.01242999365234375
0.012429496826171876
0.012429248413085937
0.012429001940727234
0.012429000242590905
0.012429000242590905
0.012429000121295452
0.012429000030323864
0.012429000003790484
0.012429000003790484
0.012429000003790484
0.012429000003790484
0.012429000000473811
0.012429031250014808
0.012429753906251851
0.012429876953125925
0.012429938476562962
0.01242998461914074
0.01242998461914074
0.012429996154785185
0.012429996154785185
0.012429996154785185
0.012429996154785185
0.012429996154785185
0.012429996154785185
0.012429998077392593
0.012429499038696296
0.012429499038696296
0.012429124759674073
0.012429562379837037
0.01242989059495926
0.01242989059495926
0.01242989059495926
0.012429945297479629
0.012429472648739816
0.012429029540546241
0.012429029540546241
0.012429029540546241
0.012429014770273122
0.012429014770273122
0.012429014770273122
0.012429014770273122
0.012429003692568281
0.012429003692568281
0.012429003692568281
0.012429003692568281
0.012429003692568281
0.012429003692568281
0.012429000923142072
0.012429000923142072
0.01242987511539276
0.012429984389424095
0.012429749024339007
0.012429117157010595
0.012429058578505299
0.012429058578505299
0.012429058578505299
0.012429058578505299
0.012429007322313165
0.012429003661156582
0.012429003661156582
0.012429000028602786
0.012429000007150696
0.012429000000446919
0.012429000000446919
0.012429000000446919
0.012429000000446919
0.012429000000223459
0.012429000000111729
0.012429000000013967
0.012429000000013967
0.012429000000003493
0.012429000000000873
0.012429000000000055
0.012429000000000003
0.012429000000000003
0.012429000000000003
0.012429000000000003
0.012429000000000003
0.012429000000000003
0.012429000000000003
0.012429000000000003
0.012429000000000003
0.012429000000000003
0.012429000000000003
0.012429000000000003
0.012429000000000003
0.012429000000000003
0.012429000000000003
0.012429000000000003
0.012429000000000003
0.012429000000000003
0.012429000000000003
0.012429000000000003
0.012429000000000003
0.012429000000000003
0.012429000000000003
0.012429000000000003
0.012429000000000003
0.012429000000000003
0.012429000000000003
0.012429000000000003
0.012429000000000003
0.012429000000000003
0.012429000000000003
0.012429000000000003
0.012429000000000003
0.012429000000000003
0.012429000000000003
0.012429000000000003
0.012429000000000003
0.012429000000000003
0.012429000000000003
0.012429000000000003
0.012429000000000003
0.012429000000000003
0.012429000000000003
0.012429000000000003
0.012429000000000003
0.012429000000000003
0.012429000000000003
0.012429000000000003
0.012429000000000003
0.012429000000000003
0.012429000000000003
0.012429000000000003
0.012429000000000003
0.012429000000000003
0.012429000000000003
0.012429000000000003
0.012429000000000003
0.012429000000000003
0.012429000000000003
0.012429000000000003
0.012429000000000003
0.012429000000000003
0.012429000000000003
0.012429000000000003
0.012429000000000003
0.012429000000000003
0.012429000000000003
0.012429000000000003
0.012429000000000003
0.012429000000000003
0.012429000000000003
0.012429000000000003
0.012429000000000003
0.012429000000000003
0.012429000000000003
0.012429000000000003
0.012429000000000003
0.012429000000000003
0.012429000000000003
0.012429000000000003
0.012429000000000003
0.012429000000000003
0.012429000000000003
0.012429000000000003
0.012429000000000003
0.012429000000000003
0.012429000000000003
0.012429000000000003
0.012429000000000003
0.012429000000000003
0.012429000000000003
0.012429000000000003
0.012429000000000003
0.012429000000000003
0.012429000000000003
0.012429000000000003
0.012429000000000003
0.012429000000000003
0.012429000000000003
0.012429000000000003
0.012429000000000003
0.012429000000000003
0.012429000000000003
0.012429000000000003
0.012429000000000003
0.012429000000000003
0.012429000000000003
0.012429000000000003
0.012429000000000003
0.012429000000000003
0.012429000000000003
0.012429000000000003
