4504.0290832900691
4562.3239195119659
6999.8493658155285
5331.4837739389213
5753.6302364855947
1320.4907579251419
5094.799661122318
4712.3575440940831
5064.824395511363
7081.093745909443
6039.6264866099546
6705.7854376258874
5014.6477900806894
5087.165573788433
3660.2902293513253
3686.5247168746537
3600.3408832394962
5721.1716022702358
5631.7707097198418
5649.4916000145395
6716.5319147812661
6315.7451223768921
1768.130834690819
2375.235224517889
4036.2236179477668
5478.6552450097979
7009.5802879667226
13134.151555432933
3277.4781436456342
4629.0684946251022
5756.1632245300225
4450.5212744111359
3191.0002455165873
6111.6708686258535
*******************************
5160.9368696252332
