1
0.00390625
3.0517578125e-05
4.76837158203125e-07
7.4505805969238281e-09
1.1641532182693481e-10
4.5474735088646412e-13
5.6843418860808015e-14
4.4408920985006262e-16
3.4694469519536142e-18
2.7105054312137611e-20
2.1175823681357508e-22
3.3087224502121107e-24
1.2924697071141057e-26
2.0194839173657902e-28
1.5777218104420236e-30
1.2325951644078309e-32
1.9259299443872359e-34
7.5231638452626401e-37
2.9387358770557188e-39
2.2958874039497803e-41
3.5873240686715317e-43
2.8025969286496341e-45
2.1895288505075267e-47
3.4211388289180104e-49
3.3409558876152446e-52
2.0391576462495389e-56
2.4892061111444567e-60
3.0385816786431356e-64
3.7092061506874214e-68
3.6222716315306849e-71
1.7686873200833423e-74
1.3817869688151111e-76
4.3180842775472223e-78
1.349401336733507e-79
1.6867516709168837e-80
2.1084395886461046e-81
2.6355494858076308e-82
4.1180460715744231e-84
3.2172234934175181e-86
2.513455854232436e-88
1.9636373861190906e-90
3.0681834158110791e-92
2.3970182936024055e-94
9.3633527093843967e-97
2.926047721682624e-98
1.142987391282275e-100
4.4647944971963866e-103
3.4881207009346771e-105
2.7250942976052165e-107
8.5159196800163014e-109
1.3306124500025471e-110
1.0395409765644899e-112
6.497131103528062e-114
8.1214138794100775e-115
1.0151767349262597e-115
6.3448545932891231e-117
1.5862136483222808e-117
2.4784588255035637e-119
1.9362959574246591e-121
7.5636560836900748e-124
1.1818212630765742e-125
2.9545531576914354e-126
2.9545531576914354e-126
2.9545531576914354e-126
2.9545531576914354e-126
2.9545531576914354e-126
2.9545531576914354e-126
2.9545531576914354e-126
2.9545531576914354e-126
2.9545531576914354e-126
2.9545531576914354e-126
2.9545531576914354e-126
2.9545531576914354e-126
2.9545531576914354e-126
3.6931914471142943e-127
2.8853058180580424e-129
4.5082903407156913e-131
7.0442036573682677e-133
2.7516420536594796e-135
4.2994407088429368e-137
6.7178761075670888e-139
5.2483407090367881e-141
4.1002661789349907e-143
6.406665904585923e-145
1.0010415475915505e-146
1.5641274181117976e-148
1.2219745453998419e-150
3.8186704543745059e-152
2.9833362924800827e-154
4.6614629570001292e-156
1.8208839675781755e-158
2.8451311993408992e-160
6.9461210921408671e-164
6.7833213790438156e-167
5.2994698273779809e-169
8.2804216052780952e-171
3.2345396895617559e-173
2.5269841324701218e-175
1.9742063534922827e-177
1.5423487136658458e-179
1.2049599325514421e-181
9.4137494730581411e-184
1.4708983551653345e-185
1.1491393399729176e-187
3.5910604374153675e-189
1.4027579833653779e-191
4.3836186980168061e-193
3.4247021078256297e-195
2.6755485217387732e-197
4.1805445652168332e-199
8.1651261039391273e-202
3.1895023843512216e-204
3.1147484222179899e-207
3.0417465060722557e-210
2.9704555723361872e-213
1.1603342079438231e-215
1.8130221999122236e-217
1.7705294921017809e-220
5.5329046628180653e-222
8.6451635356532271e-224
6.7540340122290837e-226
2.6382945360269858e-228
1.2882297539194267e-231
1.2580368690619401e-234
2.4571032598866018e-237
4.7990298044660191e-240
4.6865525434238467e-243
3.6613691745498803e-245
1.430222333808547e-247
2.2347223965758547e-249
3.4917537446497729e-251
8.5247894156488596e-255
6.6599917309756716e-257
2.0812474159298974e-258
2.6015592699123717e-259
6.5038981747809293e-260
8.1298727184761616e-261
1.0162340898095202e-261
6.3514630613095012e-263
1.5878657653273753e-263
9.9241610332960957e-265
1.240520129162012e-265
6.2026006458100598e-266
7.7532508072625747e-267
6.0572271931738865e-269
2.9576304654169368e-272
2.3106488011069819e-274
9.0259718793241479e-277
1.4103081061443981e-278
5.5090160396265551e-281
1.7215675123832985e-282
6.7248730952472596e-285
5.2538071056619216e-287
2.0522684006491881e-289
6.4133387520287129e-291
2.505210450011216e-293
3.914391328142525e-295
6.1162364502226952e-297
1.1945774316841202e-299
3.7330544740128755e-301
1.4582244039112795e-303
2.2784756311113742e-305
3.5601181736115222e-307
4.4501477170144028e-308
1.3906711615670009e-309
5.4323092248710971e-312
1.6975966327722179e-313
6.631236846766476e-316
5.1806537865363094e-318
1.6189543082925967e-319
2.5296161067071823e-321
1.9762625833649862e-323
4.9406564584124654e-324
4.9406564584124654e-324
4.9406564584124654e-324
4.9406564584124654e-324
4.9406564584124654e-324
4.9406564584124654e-324
4.9406564584124654e-324
4.9406564584124654e-324
4.9406564584124654e-324
4.9406564584124654e-324
4.9406564584124654e-324
4.9406564584124654e-324
4.9406564584124654e-324
4.9406564584124654e-324
4.9406564584124654e-324
4.9406564584124654e-324
4.9406564584124654e-324
4.9406564584124654e-324
4.9406564584124654e-324
4.9406564584124654e-324
4.9406564584124654e-324
4.9406564584124654e-324
4.9406564584124654e-324
4.9406564584124654e-324
4.9406564584124654e-324
4.9406564584124654e-324
4.9406564584124654e-324
4.9406564584124654e-324
4.9406564584124654e-324
4.9406564584124654e-324
4.9406564584124654e-324
4.9406564584124654e-324
4.9406564584124654e-324
4.9406564584124654e-324
4.9406564584124654e-324
4.9406564584124654e-324
4.9406564584124654e-324
4.9406564584124654e-324
4.9406564584124654e-324
4.9406564584124654e-324
4.9406564584124654e-324
4.9406564584124654e-324
4.9406564584124654e-324
4.9406564584124654e-324
4.9406564584124654e-324
4.9406564584124654e-324
4.9406564584124654e-324
4.9406564584124654e-324
4.9406564584124654e-324
4.9406564584124654e-324
4.9406564584124654e-324
4.9406564584124654e-324
4.9406564584124654e-324
4.9406564584124654e-324
4.9406564584124654e-324
4.9406564584124654e-324
4.9406564584124654e-324
4.9406564584124654e-324
4.9406564584124654e-324
4.9406564584124654e-324
4.9406564584124654e-324
4.9406564584124654e-324
4.9406564584124654e-324
4.9406564584124654e-324
4.9406564584124654e-324
4.9406564584124654e-324
4.9406564584124654e-324
4.9406564584124654e-324
4.9406564584124654e-324
4.9406564584124654e-324
4.9406564584124654e-324
4.9406564584124654e-324
4.9406564584124654e-324
4.9406564584124654e-324
4.9406564584124654e-324
4.9406564584124654e-324
4.9406564584124654e-324
4.9406564584124654e-324
4.9406564584124654e-324
4.9406564584124654e-324
4.9406564584124654e-324
4.9406564584124654e-324
4.9406564584124654e-324
4.9406564584124654e-324
4.9406564584124654e-324
4.9406564584124654e-324
4.9406564584124654e-324
4.9406564584124654e-324
4.9406564584124654e-324
4.9406564584124654e-324
4.9406564584124654e-324
4.9406564584124654e-324
4.9406564584124654e-324
4.9406564584124654e-324
4.9406564584124654e-324
4.9406564584124654e-324
4.9406564584124654e-324
4.9406564584124654e-324
4.9406564584124654e-324
4.9406564584124654e-324
4.9406564584124654e-324
4.9406564584124654e-324
4.9406564584124654e-324
4.9406564584124654e-324
4.9406564584124654e-324
4.9406564584124654e-324
4.9406564584124654e-324
4.9406564584124654e-324
4.9406564584124654e-324
4.9406564584124654e-324
4.9406564584124654e-324
4.9406564584124654e-324
4.9406564584124654e-324
4.9406564584124654e-324
4.9406564584124654e-324
4.9406564584124654e-324
4.9406564584124654e-324
4.9406564584124654e-324
4.9406564584124654e-324
4.9406564584124654e-324
4.9406564584124654e-324
4.9406564584124654e-324
4.9406564584124654e-324
4.9406564584124654e-324
4.9406564584124654e-324
4.9406564584124654e-324
4.9406564584124654e-324
4.9406564584124654e-324
4.9406564584124654e-324
4.9406564584124654e-324
4.9406564584124654e-324
4.9406564584124654e-324
4.9406564584124654e-324
4.9406564584124654e-324
4.9406564584124654e-324
4.9406564584124654e-324
4.9406564584124654e-324
4.9406564584124654e-324
4.9406564584124654e-324
4.9406564584124654e-324
4.9406564584124654e-324
4.9406564584124654e-324
4.9406564584124654e-324
4.9406564584124654e-324
4.9406564584124654e-324
4.9406564584124654e-324
4.9406564584124654e-324
4.9406564584124654e-324
4.9406564584124654e-324
4.9406564584124654e-324
4.9406564584124654e-324
4.9406564584124654e-324
4.9406564584124654e-324
4.9406564584124654e-324
4.9406564584124654e-324
4.9406564584124654e-324
4.9406564584124654e-324
4.9406564584124654e-324
4.9406564584124654e-324
4.9406564584124654e-324
4.9406564584124654e-324
4.9406564584124654e-324
4.9406564584124654e-324
4.9406564584124654e-324
4.9406564584124654e-324
4.9406564584124654e-324
4.9406564584124654e-324
4.9406564584124654e-324
4.9406564584124654e-324
4.9406564584124654e-324
4.9406564584124654e-324
4.9406564584124654e-324
4.9406564584124654e-324
4.9406564584124654e-324
4.9406564584124654e-324
4.9406564584124654e-324
4.9406564584124654e-324
4.9406564584124654e-324
4.9406564584124654e-324
4.9406564584124654e-324
4.9406564584124654e-324
4.9406564584124654e-324
4.9406564584124654e-324
4.9406564584124654e-324
4.9406564584124654e-324
4.9406564584124654e-324
4.9406564584124654e-324
4.9406564584124654e-324
4.9406564584124654e-324
4.9406564584124654e-324
4.9406564584124654e-324
4.9406564584124654e-324
4.9406564584124654e-324
4.9406564584124654e-324
4.9406564584124654e-324
4.9406564584124654e-324
4.9406564584124654e-324
4.9406564584124654e-324
4.9406564584124654e-324
4.9406564584124654e-324
4.9406564584124654e-324
4.9406564584124654e-324
4.9406564584124654e-324
4.9406564584124654e-324
4.9406564584124654e-324
4.9406564584124654e-324
4.9406564584124654e-324
4.9406564584124654e-324
4.9406564584124654e-324
4.9406564584124654e-324
4.9406564584124654e-324
4.9406564584124654e-324
4.9406564584124654e-324
4.9406564584124654e-324
4.9406564584124654e-324
4.9406564584124654e-324
4.9406564584124654e-324
4.9406564584124654e-324
4.9406564584124654e-324
4.9406564584124654e-324
4.9406564584124654e-324
4.9406564584124654e-324
4.9406564584124654e-324
4.9406564584124654e-324
4.9406564584124654e-324
4.9406564584124654e-324
4.9406564584124654e-324
4.9406564584124654e-324
4.9406564584124654e-324
4.9406564584124654e-324
4.9406564584124654e-324
4.9406564584124654e-324
4.9406564584124654e-324
4.9406564584124654e-324
4.9406564584124654e-324
4.9406564584124654e-324
4.9406564584124654e-324
4.9406564584124654e-324
4.9406564584124654e-324
4.9406564584124654e-324
4.9406564584124654e-324
4.9406564584124654e-324
4.9406564584124654e-324
4.9406564584124654e-324
4.9406564584124654e-324
4.9406564584124654e-324
4.9406564584124654e-324
4.9406564584124654e-324
4.9406564584124654e-324
4.9406564584124654e-324
4.9406564584124654e-324
4.9406564584124654e-324
4.9406564584124654e-324
4.9406564584124654e-324
4.9406564584124654e-324
4.9406564584124654e-324
4.9406564584124654e-324
4.9406564584124654e-324
4.9406564584124654e-324
4.9406564584124654e-324
4.9406564584124654e-324
4.9406564584124654e-324
4.9406564584124654e-324
4.9406564584124654e-324
4.9406564584124654e-324
4.9406564584124654e-324
4.9406564584124654e-324
4.9406564584124654e-324
4.9406564584124654e-324
4.9406564584124654e-324
4.9406564584124654e-324
4.9406564584124654e-324
4.9406564584124654e-324
4.9406564584124654e-324
4.9406564584124654e-324
4.9406564584124654e-324
4.9406564584124654e-324
4.9406564584124654e-324
4.9406564584124654e-324
4.9406564584124654e-324
4.9406564584124654e-324
4.9406564584124654e-324
4.9406564584124654e-324
4.9406564584124654e-324
4.9406564584124654e-324
4.9406564584124654e-324
4.9406564584124654e-324
4.9406564584124654e-324
4.9406564584124654e-324
4.9406564584124654e-324
4.9406564584124654e-324
4.9406564584124654e-324
4.9406564584124654e-324
4.9406564584124654e-324
4.9406564584124654e-324
4.9406564584124654e-324
4.9406564584124654e-324
4.9406564584124654e-324
4.9406564584124654e-324
4.9406564584124654e-324
4.9406564584124654e-324
4.9406564584124654e-324
4.9406564584124654e-324
4.9406564584124654e-324
4.9406564584124654e-324
4.9406564584124654e-324
4.9406564584124654e-324
4.9406564584124654e-324
4.9406564584124654e-324
4.9406564584124654e-324
4.9406564584124654e-324
4.9406564584124654e-324
4.9406564584124654e-324
4.9406564584124654e-324
4.9406564584124654e-324
4.9406564584124654e-324
4.9406564584124654e-324
4.9406564584124654e-324
4.9406564584124654e-324
4.9406564584124654e-324
4.9406564584124654e-324
4.9406564584124654e-324
4.9406564584124654e-324
4.9406564584124654e-324
4.9406564584124654e-324
4.9406564584124654e-324
4.9406564584124654e-324
4.9406564584124654e-324
4.9406564584124654e-324
4.9406564584124654e-324
4.9406564584124654e-324
4.9406564584124654e-324
4.9406564584124654e-324
4.9406564584124654e-324
4.9406564584124654e-324
4.9406564584124654e-324
4.9406564584124654e-324
4.9406564584124654e-324
4.9406564584124654e-324
4.9406564584124654e-324
4.9406564584124654e-324
4.9406564584124654e-324
4.9406564584124654e-324
4.9406564584124654e-324
4.9406564584124654e-324
4.9406564584124654e-324
4.9406564584124654e-324
4.9406564584124654e-324
4.9406564584124654e-324
4.9406564584124654e-324
4.9406564584124654e-324
4.9406564584124654e-324
4.9406564584124654e-324
4.9406564584124654e-324
4.9406564584124654e-324
4.9406564584124654e-324
4.9406564584124654e-324
4.9406564584124654e-324
4.9406564584124654e-324
4.9406564584124654e-324
4.9406564584124654e-324
4.9406564584124654e-324
4.9406564584124654e-324
4.9406564584124654e-324
4.9406564584124654e-324
4.9406564584124654e-324
4.9406564584124654e-324
4.9406564584124654e-324
4.9406564584124654e-324
4.9406564584124654e-324
4.9406564584124654e-324
4.9406564584124654e-324
4.9406564584124654e-324
4.9406564584124654e-324
4.9406564584124654e-324
4.9406564584124654e-324
4.9406564584124654e-324
4.9406564584124654e-324
4.9406564584124654e-324
4.9406564584124654e-324
4.9406564584124654e-324
4.9406564584124654e-324
4.9406564584124654e-324
4.9406564584124654e-324
4.9406564584124654e-324
4.9406564584124654e-324
4.9406564584124654e-324
4.9406564584124654e-324
4.9406564584124654e-324
4.9406564584124654e-324
4.9406564584124654e-324
4.9406564584124654e-324
4.9406564584124654e-324
4.9406564584124654e-324
4.9406564584124654e-324
4.9406564584124654e-324
4.9406564584124654e-324
4.9406564584124654e-324
4.9406564584124654e-324
4.9406564584124654e-324
4.9406564584124654e-324
4.9406564584124654e-324
4.9406564584124654e-324
4.9406564584124654e-324
4.9406564584124654e-324
4.9406564584124654e-324
4.9406564584124654e-324
4.9406564584124654e-324
4.9406564584124654e-324
4.9406564584124654e-324
4.9406564584124654e-324
4.9406564584124654e-324
4.9406564584124654e-324
4.9406564584124654e-324
4.9406564584124654e-324
4.9406564584124654e-324
4.9406564584124654e-324
4.9406564584124654e-324
4.9406564584124654e-324
4.9406564584124654e-324
4.9406564584124654e-324
4.9406564584124654e-324
4.9406564584124654e-324
4.9406564584124654e-324
4.9406564584124654e-324
4.9406564584124654e-324
4.9406564584124654e-324
4.9406564584124654e-324
4.9406564584124654e-324
4.9406564584124654e-324
4.9406564584124654e-324
4.9406564584124654e-324
4.9406564584124654e-324
4.9406564584124654e-324
4.9406564584124654e-324
4.9406564584124654e-324
4.9406564584124654e-324
4.9406564584124654e-324
4.9406564584124654e-324
4.9406564584124654e-324
4.9406564584124654e-324
4.9406564584124654e-324
4.9406564584124654e-324
4.9406564584124654e-324
4.9406564584124654e-324
4.9406564584124654e-324
4.9406564584124654e-324
4.9406564584124654e-324
4.9406564584124654e-324
4.9406564584124654e-324
4.9406564584124654e-324
4.9406564584124654e-324
4.9406564584124654e-324
4.9406564584124654e-324
4.9406564584124654e-324
4.9406564584124654e-324
4.9406564584124654e-324
4.9406564584124654e-324
4.9406564584124654e-324
4.9406564584124654e-324
4.9406564584124654e-324
4.9406564584124654e-324
4.9406564584124654e-324
4.9406564584124654e-324
4.9406564584124654e-324
4.9406564584124654e-324
4.9406564584124654e-324
4.9406564584124654e-324
4.9406564584124654e-324
4.9406564584124654e-324
4.9406564584124654e-324
4.9406564584124654e-324
4.9406564584124654e-324
4.9406564584124654e-324
4.9406564584124654e-324
4.9406564584124654e-324
4.9406564584124654e-324
4.9406564584124654e-324
4.9406564584124654e-324
4.9406564584124654e-324
4.9406564584124654e-324
4.9406564584124654e-324
4.9406564584124654e-324
4.9406564584124654e-324
4.9406564584124654e-324
4.9406564584124654e-324
4.9406564584124654e-324
4.9406564584124654e-324
4.9406564584124654e-324
4.9406564584124654e-324
4.9406564584124654e-324
4.9406564584124654e-324
4.9406564584124654e-324
4.9406564584124654e-324
4.9406564584124654e-324
4.9406564584124654e-324
4.9406564584124654e-324
4.9406564584124654e-324
4.9406564584124654e-324
4.9406564584124654e-324
4.9406564584124654e-324
4.9406564584124654e-324
4.9406564584124654e-324
4.9406564584124654e-324
4.9406564584124654e-324
4.9406564584124654e-324
4.9406564584124654e-324
4.9406564584124654e-324
4.9406564584124654e-324
4.9406564584124654e-324
4.9406564584124654e-324
4.9406564584124654e-324
4.9406564584124654e-324
4.9406564584124654e-324
4.9406564584124654e-324
4.9406564584124654e-324
4.9406564584124654e-324
4.9406564584124654e-324
4.9406564584124654e-324
4.9406564584124654e-324
4.9406564584124654e-324
4.9406564584124654e-324
4.9406564584124654e-324
4.9406564584124654e-324
4.9406564584124654e-324
4.9406564584124654e-324
4.9406564584124654e-324
4.9406564584124654e-324
4.9406564584124654e-324
4.9406564584124654e-324
4.9406564584124654e-324
4.9406564584124654e-324
4.9406564584124654e-324
4.9406564584124654e-324
4.9406564584124654e-324
4.9406564584124654e-324
4.9406564584124654e-324
4.9406564584124654e-324
4.9406564584124654e-324
4.9406564584124654e-324
4.9406564584124654e-324
4.9406564584124654e-324
4.9406564584124654e-324
4.9406564584124654e-324
4.9406564584124654e-324
4.9406564584124654e-324
4.9406564584124654e-324
4.9406564584124654e-324
4.9406564584124654e-324
4.9406564584124654e-324
4.9406564584124654e-324
4.9406564584124654e-324
4.9406564584124654e-324
4.9406564584124654e-324
4.9406564584124654e-324
4.9406564584124654e-324
4.9406564584124654e-324
4.9406564584124654e-324
4.9406564584124654e-324
4.9406564584124654e-324
4.9406564584124654e-324
4.9406564584124654e-324
4.9406564584124654e-324
4.9406564584124654e-324
4.9406564584124654e-324
4.9406564584124654e-324
4.9406564584124654e-324
4.9406564584124654e-324
4.9406564584124654e-324
4.9406564584124654e-324
4.9406564584124654e-324
4.9406564584124654e-324
4.9406564584124654e-324
4.9406564584124654e-324
4.9406564584124654e-324
4.9406564584124654e-324
4.9406564584124654e-324
4.9406564584124654e-324
4.9406564584124654e-324
4.9406564584124654e-324
4.9406564584124654e-324
4.9406564584124654e-324
4.9406564584124654e-324
4.9406564584124654e-324
4.9406564584124654e-324
4.9406564584124654e-324
4.9406564584124654e-324
4.9406564584124654e-324
4.9406564584124654e-324
4.9406564584124654e-324
4.9406564584124654e-324
4.9406564584124654e-324
4.9406564584124654e-324
4.9406564584124654e-324
4.9406564584124654e-324
4.9406564584124654e-324
4.9406564584124654e-324
4.9406564584124654e-324
4.9406564584124654e-324
4.9406564584124654e-324
4.9406564584124654e-324
4.9406564584124654e-324
4.9406564584124654e-324
4.9406564584124654e-324
4.9406564584124654e-324
4.9406564584124654e-324
4.9406564584124654e-324
4.9406564584124654e-324
4.9406564584124654e-324
4.9406564584124654e-324
4.9406564584124654e-324
4.9406564584124654e-324
4.9406564584124654e-324
4.9406564584124654e-324
4.9406564584124654e-324
4.9406564584124654e-324
4.9406564584124654e-324
4.9406564584124654e-324
4.9406564584124654e-324
4.9406564584124654e-324
4.9406564584124654e-324
4.9406564584124654e-324
4.9406564584124654e-324
4.9406564584124654e-324
4.9406564584124654e-324
4.9406564584124654e-324
4.9406564584124654e-324
4.9406564584124654e-324
4.9406564584124654e-324
4.9406564584124654e-324
4.9406564584124654e-324
4.9406564584124654e-324
4.9406564584124654e-324
4.9406564584124654e-324
4.9406564584124654e-324
4.9406564584124654e-324
4.9406564584124654e-324
4.9406564584124654e-324
4.9406564584124654e-324
4.9406564584124654e-324
4.9406564584124654e-324
4.9406564584124654e-324
4.9406564584124654e-324
4.9406564584124654e-324
4.9406564584124654e-324
4.9406564584124654e-324
4.9406564584124654e-324
4.9406564584124654e-324
4.9406564584124654e-324
4.9406564584124654e-324
4.9406564584124654e-324
4.9406564584124654e-324
4.9406564584124654e-324
4.9406564584124654e-324
4.9406564584124654e-324
4.9406564584124654e-324
4.9406564584124654e-324
4.9406564584124654e-324
4.9406564584124654e-324
4.9406564584124654e-324
4.9406564584124654e-324
4.9406564584124654e-324
4.9406564584124654e-324
4.9406564584124654e-324
4.9406564584124654e-324
4.9406564584124654e-324
4.9406564584124654e-324
4.9406564584124654e-324
4.9406564584124654e-324
4.9406564584124654e-324
4.9406564584124654e-324
4.9406564584124654e-324
4.9406564584124654e-324
4.9406564584124654e-324
4.9406564584124654e-324
4.9406564584124654e-324
4.9406564584124654e-324
4.9406564584124654e-324
4.9406564584124654e-324
4.9406564584124654e-324
4.9406564584124654e-324
4.9406564584124654e-324
4.9406564584124654e-324
4.9406564584124654e-324
4.9406564584124654e-324
4.9406564584124654e-324
4.9406564584124654e-324
4.9406564584124654e-324
4.9406564584124654e-324
4.9406564584124654e-324
4.9406564584124654e-324
4.9406564584124654e-324
4.9406564584124654e-324
4.9406564584124654e-324
4.9406564584124654e-324
4.9406564584124654e-324
4.9406564584124654e-324
4.9406564584124654e-324
4.9406564584124654e-324
4.9406564584124654e-324
4.9406564584124654e-324
4.9406564584124654e-324
4.9406564584124654e-324
4.9406564584124654e-324
4.9406564584124654e-324
4.9406564584124654e-324
4.9406564584124654e-324
4.9406564584124654e-324
4.9406564584124654e-324
4.9406564584124654e-324
4.9406564584124654e-324
4.9406564584124654e-324
4.9406564584124654e-324
4.9406564584124654e-324
4.9406564584124654e-324
4.9406564584124654e-324
4.9406564584124654e-324
4.9406564584124654e-324
4.9406564584124654e-324
4.9406564584124654e-324
4.9406564584124654e-324
4.9406564584124654e-324
4.9406564584124654e-324
4.9406564584124654e-324
4.9406564584124654e-324
4.9406564584124654e-324
4.9406564584124654e-324
4.9406564584124654e-324
4.9406564584124654e-324
4.9406564584124654e-324
4.9406564584124654e-324
4.9406564584124654e-324
4.9406564584124654e-324
4.9406564584124654e-324
4.9406564584124654e-324
4.9406564584124654e-324
4.9406564584124654e-324
4.9406564584124654e-324
4.9406564584124654e-324
4.9406564584124654e-324
4.9406564584124654e-324
4.9406564584124654e-324
4.9406564584124654e-324
4.9406564584124654e-324
4.9406564584124654e-324
4.9406564584124654e-324
4.9406564584124654e-324
4.9406564584124654e-324
4.9406564584124654e-324
4.9406564584124654e-324
4.9406564584124654e-324
4.9406564584124654e-324
4.9406564584124654e-324
4.9406564584124654e-324
4.9406564584124654e-324
4.9406564584124654e-324
4.9406564584124654e-324
4.9406564584124654e-324
4.9406564584124654e-324
4.9406564584124654e-324
4.9406564584124654e-324
4.9406564584124654e-324
4.9406564584124654e-324
4.9406564584124654e-324
4.9406564584124654e-324
4.9406564584124654e-324
4.9406564584124654e-324
4.9406564584124654e-324
4.9406564584124654e-324
4.9406564584124654e-324
4.9406564584124654e-324
4.9406564584124654e-324
4.9406564584124654e-324
4.9406564584124654e-324
4.9406564584124654e-324
4.9406564584124654e-324
4.9406564584124654e-324
4.9406564584124654e-324
4.9406564584124654e-324
4.9406564584124654e-324
4.9406564584124654e-324
4.9406564584124654e-324
4.9406564584124654e-324
4.9406564584124654e-324
4.9406564584124654e-324
4.9406564584124654e-324
4.9406564584124654e-324
4.9406564584124654e-324
4.9406564584124654e-324
4.9406564584124654e-324
4.9406564584124654e-324
4.9406564584124654e-324
4.9406564584124654e-324
4.9406564584124654e-324
4.9406564584124654e-324
4.9406564584124654e-324
4.9406564584124654e-324
4.9406564584124654e-324
4.9406564584124654e-324
4.9406564584124654e-324
4.9406564584124654e-324
4.9406564584124654e-324
4.9406564584124654e-324
4.9406564584124654e-324
4.9406564584124654e-324
4.9406564584124654e-324
4.9406564584124654e-324
4.9406564584124654e-324
4.9406564584124654e-324
4.9406564584124654e-324
4.9406564584124654e-324
4.9406564584124654e-324
4.9406564584124654e-324
4.9406564584124654e-324
4.9406564584124654e-324
4.9406564584124654e-324
4.9406564584124654e-324
4.9406564584124654e-324
4.9406564584124654e-324
4.9406564584124654e-324
4.9406564584124654e-324
4.9406564584124654e-324
4.9406564584124654e-324
4.9406564584124654e-324
4.9406564584124654e-324
4.9406564584124654e-324
4.9406564584124654e-324
4.9406564584124654e-324
4.9406564584124654e-324
4.9406564584124654e-324
4.9406564584124654e-324
4.9406564584124654e-324
4.9406564584124654e-324
4.9406564584124654e-324
4.9406564584124654e-324
