0.309
0.305
0.304
0.304
0.302
0.213
0.301
0.301
0.298
0.251
0.179
0.179
0.297
0.292
0.139
0.108
0.294
0.098
0.210
0.122
0.229
0.178
0.109
0.123
0.025
0.178
0.066
0.243
0.124
0.026
0.225
0.034
0.007
0.001
0.043
0.176
0.281
0.006
0.139
0.030
0.045
0.020
0.038
0.271
0.002
0.033
0.011
0.089
0.010
0.157
0.051
0.149
0.045
0.060
0.015
0.003
0.176
0.020
0.186
0.067
0.010
0.050
0.010
0.001
0.038
0.000
0.128
0.170
0.018
0.140
0.002
0.075
0.079
0.003
0.244
0.087
0.004
0.120
0.077
0.003
0.179
0.064
0.043
0.018
0.041
0.074
0.144
0.003
0.002
0.157
0.020
0.008
0.058
0.072
0.060
0.152
0.000
0.062
0.027
0.053
0.064
0.211
0.003
0.219
0.022
0.219
0.001
0.008
0.090
0.038
0.004
0.112
0.115
0.004
0.025
0.063
0.017
0.201
0.000
0.014
0.082
0.032
0.003
0.021
0.103
0.031
0.136
0.002
0.006
0.011
0.129
0.051
0.182
0.146
0.153
0.016
0.180
0.015
0.012
0.185
0.057
0.013
0.151
0.128
0.033
0.063
0.145
0.142
0.158
0.017
0.075
0.034
0.106
0.122
0.173
0.072
0.111
0.112
0.031
0.037
0.031
0.120
0.016
0.116
0.101
0.102
0.037
0.122
0.159
0.015
0.131
0.131
0.133
0.084
0.096
0.128
0.143
0.130
0.024
0.118
0.040
0.120
0.110
0.032
0.110
0.101
0.123
0.104
0.108
0.031
0.066
0.120
0.030
0.102
0.117
0.104
0.059
0.045
0.109
0.060
0.110
0.126
0.100
0.082
0.028
0.067
0.111
0.107
0.086
0.103
0.065
0.101
0.080
0.047
0.097
0.093
0.088
0.097
0.058
0.044
0.100
0.104
0.085
0.079
0.090
0.060
0.055
0.061
0.071
0.088
0.076
0.081
0.058
0.072
0.081
0.075
0.067
0.065
0.072
0.057
0.080
0.053
0.070
0.068
0.040
0.061
0.070
0.050
0.048
0.063
0.052
0.055
0.057
0.052
0.047
0.054
0.056
0.053
0.054
0.049
0.049
0.037
0.038
0.049
0.045
0.043
0.037
0.038
0.037
0.039
0.028
0.037
0.030
0.024
0.028
0.032
0.027
0.019
0.021
0.024
0.018
0.022
0.018
0.016
0.018
0.014
0.015
0.014
0.011
0.008
0.007
0.008
0.008
0.007
0.006
0.004
0.003
0.002
0.001
