0.30965
0.30475
0.30434
0.30393
0.30129
0.29865
0.30269
0.30228
0.30097
0.30144
0.30101
0.29948
0.29722
0.24975
0.17328
0.29228
0.29405
0.29537
0.22781
0.29232
0.29144
0.29534
0.29011
0.28679
0.28832
0.22664
0.28955
0.22456
0.28221
0.29030
0.23300
0.17560
0.20522
0.28204
0.28369
0.13704
0.22187
0.27805
0.28599
0.28382
0.17258
0.28033
0.28193
0.23907
0.23757
0.17232
0.27373
0.27048
0.27431
0.19286
0.17460
0.20217
0.27384
0.10430
0.15338
0.26551
0.11061
0.17391
0.19409
0.07178
0.21618
0.26459
0.27007
0.21681
0.11241
0.19141
0.22238
0.19648
0.21073
0.14686
0.17001
0.26316
0.26104
0.16445
0.24978
0.18588
0.19644
0.16789
0.11366
0.22642
0.19053
0.19300
0.13485
0.14069
0.00060
0.05816
0.24831
0.06841
0.08840
0.19771
0.08129
0.16948
0.19372
0.07422
0.16727
0.02190
0.12727
0.12263
0.11502
0.14357
0.13107
0.20472
0.06548
0.03405
0.13562
0.12391
0.15285
0.10824
0.15879
0.11574
0.10653
0.13251
0.10923
0.14250
0.14134
0.03646
0.12932
0.09056
0.14236
0.05254
0.09625
0.07694
0.00010
0.01348
0.14028
0.00258
0.05754
0.04819
0.13831
0.12912
0.05380
0.00108
0.12002
0.01976
0.03463
0.00221
0.04496
0.07908
0.03477
0.01487
0.05441
0.02602
0.08522
0.08732
0.02491
0.04561
0.10082
0.06097
0.06877
0.04711
0.06499
0.03852
0.05683
0.08175
0.10710
0.01626
0.05661
0.03010
0.07464
0.04376
0.06676
0.03254
0.04708
0.01280
0.04592
0.03287
0.04313
0.02810
0.06273
0.05838
0.01123
0.06566
0.02751
0.02096
0.02594
0.01016
0.00247
0.00520
0.04534
0.02120
0.00404
0.00513
0.00593
0.00924
0.00782
0.02004
0.02344
0.02436
0.01759
0.02331
0.11575
0.05728
0.03273
0.03537
0.02339
0.01967
0.02951
0.00687
0.03343
0.02980
0.04055
0.02079
0.02329
0.01504
0.04244
0.03751
0.01646
0.03282
0.02821
0.02288
0.01406
0.01655
0.01972
0.01534
0.05487
0.03515
0.01787
0.01424
0.01601
0.03714
0.02245
0.00959
0.01790
0.01805
0.03122
0.02767
0.01784
0.01809
0.03077
0.02450
0.01121
0.01859
0.02839
0.01776
0.01938
0.02068
0.02682
0.03216
0.01023
0.01491
0.02340
0.02282
0.03866
0.03028
0.01422
0.04252
0.02742
0.02707
0.01069
0.02932
0.05635
0.02614
0.00654
0.01925
0.03763
0.03465
0.04201
0.03993
0.03097
0.02412
0.02552
0.02821
0.03083
0.02573
0.04359
0.02949
0.01701
0.03055
0.03246
0.03511
0.01940
0.04041
0.04487
0.03674
0.04265
0.02485
0.03048
0.02438
0.03725
0.04451
0.03265
0.03296
0.02515
0.03894
0.02447
0.02283
0.05749
0.02706
0.01592
0.03393
0.02148
0.02289
0.01256
0.03004
0.03503
0.03275
0.03468
0.03416
0.02889
0.03268
0.04140
0.02972
0.02207
0.02706
0.02657
0.01589
0.01769
0.03537
0.03316
0.02949
0.01859
0.02865
0.01808
0.02196
0.02792
0.02653
0.01926
0.02562
0.02010
0.02219
0.01995
0.01450
0.02120
0.01598
0.01798
0.01592
0.02022
0.01530
0.00756
0.00793
0.01334
0.00965
0.01940
0.01197
0.01187
0.01177
0.01167
0.01157
0.01147
0.01137
0.01127
0.01117
0.01107
0.01097
0.01087
0.01077
0.01067
0.01057
0.01047
0.01037
0.01027
0.01017
0.01007
0.00997
0.00987
0.00977
0.00967
0.00957
0.00947
0.00945
