4000.000000
4060.000000
4120.000000
4180.000000
4240.000000
4300.000000
4360.000000
4420.000000
4480.000000
4540.000000
4600.000000
4660.000000
4720.000000
4780.000000
4840.000000
4900.000000
4960.000000
5020.000000
5080.000000
5140.000000
5200.000000
5260.000000
5320.000000
5380.000000
5440.000000
5500.000000
5560.000000
5620.000000
5680.000000
5740.000000
5800.000000
5860.000000
5920.000000
5980.000000
6040.000000
6100.000000
6160.000000
6220.000000
6280.000000
6340.000000
6400.000000
6460.000000
6520.000000
6580.000000
6640.000000
6700.000000
6760.000000
6820.000000
6880.000000
6940.000000
7000.000000
