3050.0975804387549
2277.1892377042477
2302.6535175467434
2151.6245957987635
2392.376466270111
2044.3053947321523
2324.3884892209489
1630.492012911383
2269.8804063044286
1802.7862596796012
1542.6477406911356
2472.9660622641318
2032.3646586402833
1919.011187948043
1644.6522820783921
1629.4928443716203
1770.1342926086538
2282.046199626448
2213.5523959257666
2304.2595573821586
2376.7936624929598
2146.9134003381473
1632.4331034448442
2222.7486656660453
1898.0965688312046
1911.9157365606779
2128.738572544718
1942.6665567932744
1991.3664417181792
2271.7438041749961
2114.5583357110477
1334.2312684321591
2114.134737379296
1101.294596943781
1283.651204478223
2269.1360720802418
1744.7852606944123
451.90150678787717
1078.9858390328
1011.8405295599176
1994.5140770717928
2125.7868539601873
1779.0384918726349
*******************************
1929.8650341561215
