1
1
1
1
0.515625
0.515625
0.084594187500000001
0.0076002272949218753
0.0075590284118652344
0.0077882571029663089
0.0077882571029663089
0.0063007660689353949
0.0052094415172338491
0.0037881103793084622
0.013033638797413557
0.013033638797413557
0.013033638797413557
0.013033638797413557
0.013033638797413557
0.013033638797413557
0.013033638797413557
0.013033638797413557
0.013033638797413557
0.013033638797413557
0.013033638797413557
0.013033638797413557
0.019024819398706778
0.045967275606209584
0.041149079725388102
0.034337798120709188
0.022980399060354595
0.019752424882544323
0.019607856220636079
0.02086948202757951
0.02086948202757951
0.02086948202757951
0.021959741013789755
0.021959741013789755
0.021959741013789755
0.02294143525344744
0.02299871762672372
0.02299871762672372
0.02299871762672372
0.02299871762672372
0.02299871762672372
0.02299871762672372
0.02288685881336186
0.023206464703340465
0.020817639521979389
0.021006819760989694
0.021006819760989694
0.020761409880494845
0.020761409880494845
0.020761409880494845
0.02000520494024742
0.02000520494024742
0.019772602470123711
0.019772602470123711
0.019772602470123711
0.019772602470123711
0.020062301235061857
0.020804206327191366
0.020804206327191366
0.020798103163595684
0.021037512895449459
0.021174756447724728
0.021174756447724728
0.021174756447724728
0.021174756447724728
0.021174756447724728
0.021174756447724728
0.021174756447724728
0.020934672277982798
0.020815834034747849
0.02092692712717174
0.02092692712717174
0.020944463563585869
0.020944463563585869
0.020944463563585869
0.020944463563585869
0.020983365890896465
0.021090286967045256
0.021090910870880657
0.021090910870880657
0.020988863858860084
0.020971607982357511
0.020981412998897345
0.020968603249724334
0.020952400812431084
0.020952400812431084
0.020952400812431084
0.020952400812431084
0.020952400812431084
0.020952400812431084
0.020952400812431084
0.020952400812431084
0.020952400812431084
0.020952400812431084
0.020962200406215541
0.020977100203107772
0.020979050101553886
0.020979050101553886
0.020979050101553886
0.020979050101553886
0.020979050101553886
0.020979050101553886
0.020979050101553886
0.020979050101553886
0.020978025050776943
0.020978025050776943
0.020977756262694235
0.020977756262694235
0.020977756262694235
0.020977756262694235
0.020977756262694235
0.020977756262694235
0.020980878131347115
0.020980878131347115
0.020980878131347115
0.020981939065673558
0.020981939065673558
0.020984992383209194
0.020984999761975286
0.020984999940493819
0.020984999940493819
0.020984999970246908
0.020984999985123452
0.020984999985123452
0.020984999992561724
0.020984999996280861
0.020983124999767556
0.020983562499883777
0.020983070312485474
0.020983070312485474
0.020983767578121371
0.020983941894530345
0.020983941894530345
0.020983941894530345
0.020984617736816293
0.020984404434204074
0.02098410110855102
0.020984050554275512
0.020984050554275512
0.020984050554275512
0.020984970329821107
0.020984996291227638
0.020984996291227638
0.020984996291227638
0.020984996291227638
0.020984999072806911
0.020984999072806911
0.020984999536403454
0.020984999536403454
0.020984999768201729
0.020984999884100866
0.020984999985512606
0.020984999999547269
0.020984999999996465
0.020984999999999997
0.020984999999999997
0.020984999999999997
0.020984999999999997
0.020984999999999997
0.020984999999999997
0.020984999999999997
0.020984999999999997
0.020984999999999997
0.020984999999999997
0.020984999999999997
0.020984999999999997
0.020984999999999997
0.020984999999999997
0.020984999999999997
0.020984999999999997
0.020984999999999997
0.020984999999999997
0.020984999999999997
0.020984999999999997
0.020984999999999997
0.020984999999999997
0.020984999999999997
0.020984999999999997
0.020984999999999997
0.020984999999999997
0.020984999999999997
0.020984999999999997
0.020984999999999997
0.020984999999999997
0.020984999999999997
0.020984999999999997
0.020984999999999997
0.020984999999999997
0.020984999999999997
0.020984999999999997
0.020984999999999997
0.020984999999999997
0.020984999999999997
0.020984999999999997
0.020984999999999997
0.020984999999999997
0.020984999999999997
0.020984999999999997
0.020984999999999997
0.020984999999999997
0.020984999999999997
0.020984999999999997
0.020984999999999997
0.020984999999999997
0.020984999999999997
0.020984999999999997
0.020984999999999997
0.020984999999999997
0.020984999999999997
0.020984999999999997
0.020984999999999997
0.020984999999999997
0.020984999999999997
0.020984999999999997
0.020984999999999997
0.020984999999999997
0.020984999999999997
0.020984999999999997
0.020984999999999997
0.020984999999999997
0.020984999999999997
0.020984999999999997
0.020984999999999997
0.020984999999999997
0.020984999999999997
0.020984999999999997
0.020984999999999997
0.020984999999999997
0.020984999999999997
0.020984999999999997
0.020984999999999997
0.020984999999999997
0.020984999999999997
0.020984999999999997
0.020984999999999997
0.020984999999999997
0.020984999999999997
0.020984999999999997
0.020984999999999997
0.020984999999999997
0.020984999999999997
0.020984999999999997
0.020984999999999997
0.020984999999999997
0.020984999999999997
0.020984999999999997
0.020984999999999997
0.020984999999999997
0.020984999999999997
0.020984999999999997
0.020984999999999997
0.020984999999999997
0.020984999999999997
0.020984999999999997
0.020984999999999997
0.020984999999999997
0.020984999999999997
0.020984999999999997
0.020984999999999997
0.020984999999999997
0.020984999999999997
0.020984999999999997
0.020984999999999997
0.020984999999999997
0.020984999999999997
0.020984999999999997
0.020984999999999997
0.020984999999999997
0.020984999999999997
0.020984999999999997
0.020984999999999997
0.020984999999999997
0.020984999999999997
0.020984999999999997
0.020984999999999997
0.020984999999999997
0.020984999999999997
0.020984999999999997
0.020984999999999997
0.020984999999999997
0.020984999999999997
0.020984999999999997
0.020984999999999997
0.020984999999999997
0.020984999999999997
0.020984999999999997
0.020984999999999997
0.020984999999999997
0.020984999999999997
0.020984999999999997
0.020984999999999997
0.020984999999999997
0.020984999999999997
0.020984999999999997
0.020984999999999997
0.020984999999999997
0.020984999999999997
0.020984999999999997
0.020984999999999997
0.020984999999999997
0.020984999999999997
0.020984999999999997
0.020984999999999997
0.020984999999999997
0.020984999999999997
0.020984999999999997
0.020984999999999997
0.020984999999999997
0.020984999999999997
0.020984999999999997
0.020984999999999997
0.020984999999999997
0.020984999999999997
0.020984999999999997
0.020984999999999997
0.020984999999999997
0.020984999999999997
0.020984999999999997
0.020984999999999997
0.020984999999999997
0.020984999999999997
0.020984999999999997
0.020984999999999997
0.020984999999999997
0.020984999999999997
0.020984999999999997
0.020984999999999997
0.020984999999999997
0.020984999999999997
0.020984999999999997
0.020984999999999997
0.020984999999999997
0.020984999999999997
0.020984999999999997
0.020984999999999997
0.020984999999999997
0.020984999999999997
0.020984999999999997
0.020984999999999997
0.020984999999999997
0.020984999999999997
0.020984999999999997
0.020984999999999997
0.020984999999999997
0.020984999999999997
0.020984999999999997
0.020984999999999997
0.020984999999999997
0.020984999999999997
0.020984999999999997
0.020984999999999997
0.020984999999999997
0.020984999999999997
0.020984999999999997
0.020984999999999997
0.020984999999999997
0.020984999999999997
0.020984999999999997
0.020984999999999997
0.020984999999999997
0.020984999999999997
0.020984999999999997
0.020984999999999997
0.020984999999999997
0.020984999999999997
0.020984999999999997
0.020984999999999997
0.020984999999999997
0.020984999999999997
0.020984999999999997
0.020984999999999997
0.020984999999999997
0.020984999999999997
0.020984999999999997
