450.97815922737817
2479.5813854196786
2559.2255975817766
2335.9218704233872
1804.5406045103343
1312.4566654958787
2235.0006777435724
2263.1964382397477
2429.9446490595856
2703.3821109310657
1835.3007100616853
2369.4711763430814
2116.9281016011664
1991.2095145963081
2295.0368782318574
1021.3063606808794
2210.6197067071057
1902.2827323376816
1960.6668420733643
1833.1868703616005
2001.3566326945779
2499.3708429128933
2011.839116940442
2408.9501533477583
1098.6266886663436
1458.0063693296659
1912.4217375499127
2570.8113805316934
1869.5451528290455
2362.8719328430525
2008.7013375963525
1729.3158455180946
2041.2452885456157
2327.2361877860244
1399.6172262485538
2052.9137603327663
1848.6060101122716
621.70606953106653
1672.9770427017074
1927.739993386358
2026.877612912542
2278.2189334136933
*******************************
1958.076008746609
