1
1
1
1
0.28125
0.28125
0.1472170625
0.057219195800781247
0.058104262237548832
0.046866815559387209
0.046866815559387209
0.043604351944923403
0.043526675972461702
0.019322709496557712
0.027090927374139429
0.027090927374139429
0.027090927374139429
0.027090927374139429
0.027090927374139429
0.027090927374139429
0.027090927374139429
0.027090927374139429
0.027090927374139429
0.027090927374139429
0.027090927374139429
0.027090927374139429
0.023471463687069715
0.022498545740220928
0.017321772870110462
0.021137590201095475
0.021137590201095475
0.025412198775136931
0.028244799693784232
0.028428949923446058
0.028431974961723026
0.028431974961723026
0.029770987480861513
0.029770987480861513
0.029770987480861513
0.031414746870215379
0.031460373435107686
0.031460373435107686
0.031460373435107686
0.031460373435107686
0.034170686717553841
0.034170686717553841
0.034189843358776922
0.035025460839694232
0.033724432604961781
0.03360071630248089
0.031471358151240442
0.030715679075620221
0.030715679075620221
0.030715679075620221
0.03015333953781011
0.03015333953781011
0.029902669768905057
0.029902669768905057
0.029562834884452528
0.029562834884452528
0.030530417442226263
0.031053802180278284
0.031053802180278284
0.031089725272534785
0.031003862636267393
0.031126431318133696
0.031126431318133696
0.031126431318133696
0.031126431318133696
0.031126431318133696
0.031126431318133696
0.030890607829533422
0.030858401957383354
0.031414350489345835
0.031492323452792056
0.031492323452792056
0.031637661726396024
0.031637661726396024
0.031637661726396024
0.031637661726396024
0.031532830863198011
0.031427025964474942
0.031426064122779693
0.031426064122779693
0.031303516030694922
0.031264879007673732
0.031293554937979612
0.031280319367247456
0.031244659683623728
0.031244659683623728
0.031244659683623728
0.031244659683623728
0.031271329841811864
0.031271329841811864
0.031271329841811864
0.031271329841811864
0.031271329841811864
0.031271329841811864
0.031264664920905932
0.031252832460452969
0.031249916230226486
0.031249916230226486
0.031249916230226486
0.031249916230226486
0.031249916230226486
0.031249916230226486
0.031249916230226486
0.031249916230226486
0.031244958115113242
0.031244958115113242
0.031241369764389154
0.031241369764389154
0.031241369764389154
0.031241369764389154
0.031241369764389154
0.031241369764389154
0.031236842441097288
0.031236842441097288
0.031236842441097288
0.031236421220548642
0.031236421220548642
0.031235355305137158
0.031233114926642769
0.031233057463321383
0.031233057463321383
0.031233057463321383
0.031233764365830349
0.031233764365830349
0.031233882182915174
0.031233970545728795
0.0312332426364322
0.031233030329554025
0.031233003791194251
0.031233003791194251
0.031233875473899282
0.031233968868474821
0.031233984434237409
0.031233984434237409
0.031233992217118707
0.031233992217118707
0.031233998054279677
0.031233999027139837
0.031233999027139837
0.031233999027139837
0.031233999878392482
0.031233999969598122
0.031233999969598122
0.031233999969598122
0.031233999969598122
0.031233999992399529
0.031233999992399529
0.031233999998099886
0.031233999998099886
0.031233999999524975
0.031233999999524975
0.031233999999940622
0.031233999999996293
0.03123399999999997
0.031233999999999998
0.031233999999999998
0.031233999999999998
0.031233999999999998
0.031233999999999998
0.031233999999999998
0.031233999999999998
0.031233999999999998
0.031233999999999998
0.031233999999999998
0.031233999999999998
0.031233999999999998
0.031233999999999998
0.031233999999999998
0.031233999999999998
0.031233999999999998
0.031233999999999998
0.031233999999999998
0.031233999999999998
0.031233999999999998
0.031233999999999998
0.031233999999999998
0.031233999999999998
0.031233999999999998
0.031233999999999998
0.031233999999999998
0.031233999999999998
0.031233999999999998
0.031233999999999998
0.031233999999999998
0.031233999999999998
0.031233999999999998
0.031233999999999998
0.031233999999999998
0.031233999999999998
0.031233999999999998
0.031233999999999998
0.031233999999999998
0.031233999999999998
0.031233999999999998
0.031233999999999998
0.031233999999999998
0.031233999999999998
0.031233999999999998
0.031233999999999998
0.031233999999999998
0.031233999999999998
0.031233999999999998
0.031233999999999998
0.031233999999999998
0.031233999999999998
0.031233999999999998
0.031233999999999998
0.031233999999999998
0.031233999999999998
0.031233999999999998
0.031233999999999998
0.031233999999999998
0.031233999999999998
0.031233999999999998
0.031233999999999998
0.031233999999999998
0.031233999999999998
0.031233999999999998
0.031233999999999998
0.031233999999999998
0.031233999999999998
0.031233999999999998
0.031233999999999998
0.031233999999999998
0.031233999999999998
0.031233999999999998
0.031233999999999998
0.031233999999999998
0.031233999999999998
0.031233999999999998
0.031233999999999998
0.031233999999999998
0.031233999999999998
0.031233999999999998
0.031233999999999998
0.031233999999999998
0.031233999999999998
0.031233999999999998
0.031233999999999998
0.031233999999999998
0.031233999999999998
0.031233999999999998
0.031233999999999998
0.031233999999999998
0.031233999999999998
0.031233999999999998
0.031233999999999998
0.031233999999999998
0.031233999999999998
0.031233999999999998
0.031233999999999998
0.031233999999999998
0.031233999999999998
0.031233999999999998
0.031233999999999998
0.031233999999999998
0.031233999999999998
0.031233999999999998
0.031233999999999998
0.031233999999999998
0.031233999999999998
0.031233999999999998
0.031233999999999998
0.031233999999999998
0.031233999999999998
0.031233999999999998
0.031233999999999998
0.031233999999999998
0.031233999999999998
0.031233999999999998
0.031233999999999998
0.031233999999999998
0.031233999999999998
0.031233999999999998
0.031233999999999998
0.031233999999999998
0.031233999999999998
0.031233999999999998
0.031233999999999998
0.031233999999999998
0.031233999999999998
0.031233999999999998
0.031233999999999998
0.031233999999999998
0.031233999999999998
0.031233999999999998
0.031233999999999998
0.031233999999999998
0.031233999999999998
0.031233999999999998
0.031233999999999998
0.031233999999999998
0.031233999999999998
0.031233999999999998
0.031233999999999998
0.031233999999999998
0.031233999999999998
0.031233999999999998
0.031233999999999998
0.031233999999999998
0.031233999999999998
0.031233999999999998
0.031233999999999998
0.031233999999999998
0.031233999999999998
0.031233999999999998
0.031233999999999998
0.031233999999999998
0.031233999999999998
0.031233999999999998
0.031233999999999998
0.031233999999999998
0.031233999999999998
0.031233999999999998
0.031233999999999998
0.031233999999999998
0.031233999999999998
0.031233999999999998
0.031233999999999998
0.031233999999999998
0.031233999999999998
0.031233999999999998
0.031233999999999998
0.031233999999999998
0.031233999999999998
0.031233999999999998
0.031233999999999998
0.031233999999999998
0.031233999999999998
0.031233999999999998
0.031233999999999998
0.031233999999999998
0.031233999999999998
0.031233999999999998
0.031233999999999998
0.031233999999999998
0.031233999999999998
0.031233999999999998
0.031233999999999998
0.031233999999999998
0.031233999999999998
0.031233999999999998
0.031233999999999998
0.031233999999999998
0.031233999999999998
0.031233999999999998
0.031233999999999998
0.031233999999999998
0.031233999999999998
0.031233999999999998
0.031233999999999998
0.031233999999999998
0.031233999999999998
0.031233999999999998
0.031233999999999998
0.031233999999999998
0.031233999999999998
0.031233999999999998
0.031233999999999998
0.031233999999999998
0.031233999999999998
0.031233999999999998
0.031233999999999998
0.031233999999999998
0.031233999999999998
0.031233999999999998
0.031233999999999998
0.031233999999999998
0.031233999999999998
0.031233999999999998
0.031233999999999998
0.031233999999999998
0.031233999999999998
0.031233999999999998
