2286.0363047807264
1898.098260146201
2095.9744090279755
2075.2812745755659
2203.7040284593068
1680.801074357038
2166.5829377602272
2162.354654043716
2145.4484544448765
1391.2012191627443
1811.9325884254672
2036.3219848611657
2206.4964560030739
1900.7931753026919
2554.3999999552361
2232.708468693198
1961.2370892766764
963.35477097101648
2019.7440007666805
564.04663111686352
1090.7492904170349
2265.5428570720433
2290.6063603566372
2061.8114583732877
2231.8338145316966
2205.2530434498199
2193.8405546202571
821.42315993709212
1983.1616063723379
1078.3324894029674
1511.1793947589906
1928.1337440508603
2178.7154789935507
2096.1211337369009
1721.2627293592006
2009.611776742564
2089.9062615036946
2459.5243996039721
1891.1828080902376
2485.5922495810664
1770.8812727461261
2426.161458412545
2472.0399753648749
*******************************
1944.6368627815862
