1
1
1
1
0.234375
0.234375
0.062256093750000005
0.0020666253662109373
0.0020422031707763673
0.007696800792694092
0.007696800792694092
0.0056704750990867617
0.0078836187747716897
0.0031662023468464612
0.010315601173423231
0.010315601173423231
0.010315601173423231
0.010315601173423231
0.010315601173423231
0.010315601173423231
0.010315601173423231
0.010315601173423231
0.010315601173423231
0.010315601173423231
0.010315601173423231
0.010315601173423231
0.015111150293355809
0.020844736723333687
0.018532434180833422
0.013946357318151043
0.013946357318151043
0.013200669664768881
0.013579167416192219
0.013559791854048056
0.014942895927024028
0.014942895927024028
0.014942895927024028
0.014942895927024028
0.014942895927024028
0.013986473981756007
0.012911236990878004
0.012911236990878004
0.012911236990878004
0.012911236990878004
0.012820618495439001
0.012820618495439001
0.012820618495439001
0.013232154623859751
0.012934692331995616
0.012934692331995616
0.011945673082998903
0.011945673082998903
0.011945673082998903
0.01128633654149945
0.010956668270749724
0.010956668270749724
0.011233334135374862
0.011233334135374862
0.011616667067687431
0.011616667067687431
0.011656833533843716
0.011785229191730464
0.011785229191730464
0.011850778648966307
0.011790597331120787
0.011846798665560394
0.011846798665560394
0.011846798665560394
0.011846798665560394
0.011846798665560394
0.011846798665560394
0.011860199666390098
0.011857274958298761
0.011858637479149382
0.012006852342446837
0.012006852342446837
0.012124426171223418
0.012124426171223418
0.012124426171223418
0.012124426171223418
0.012117713085611709
0.012131834783925367
0.012131989673995336
0.012131989673995336
0.012126247418498834
0.01212106185462471
0.012145441365914045
0.012071180170739257
0.012061090085369628
0.012061090085369628
0.012061090085369628
0.012061090085369628
0.012057545042684813
0.012057545042684813
0.012057545042684813
0.012057545042684813
0.012057545042684813
0.012057545042684813
0.012066272521342406
0.012080636260671202
0.012083909065167802
0.012083909065167802
0.012083909065167802
0.012083909065167802
0.012083909065167802
0.012083909065167802
0.012083909065167802
0.012087454532583902
0.01208822726629195
0.01208822726629195
0.012088028408286492
0.012088028408286492
0.012088028408286492
0.012088028408286492
0.012088028408286492
0.012088028408286492
0.012087014204143246
0.012087014204143246
0.012087014204143246
0.012084753551035811
0.012084876775517905
0.012085109596939737
0.012085939212452183
0.012085984803113046
0.012085984803113046
0.012085492401556524
0.012085246200778263
0.012085246200778263
0.012085123100389131
0.012085061550194565
0.012085132693774321
0.012085033173443581
0.012085004146680449
0.012085004146680449
0.012085001036670113
0.012085000518335057
0.012085000518335057
0.012085000518335057
0.01208500025916753
0.012085000129583766
0.012085000032395942
0.012085000016197972
0.012085000016197972
0.012085000016197972
0.012085000000253095
0.012085000000031636
0.012085000000031636
0.012085000000031636
0.012085000000031636
0.012085000000007909
0.012085000000007909
0.012085000000003954
0.012085000000003954
0.012085000000001976
0.012085000000000987
0.012085000000000123
0.012085000000000009
0.012085000000000002
0.012085000000000002
0.012085000000000002
0.012085000000000002
0.012085000000000002
0.012085000000000002
0.012085000000000002
0.012085000000000002
0.012085000000000002
0.012085000000000002
0.012085000000000002
0.012085000000000002
0.012085000000000002
0.012085000000000002
0.012085000000000002
0.012085000000000002
0.012085000000000002
0.012085000000000002
0.012085000000000002
0.012085000000000002
0.012085000000000002
0.012085000000000002
0.012085000000000002
0.012085000000000002
0.012085000000000002
0.012085000000000002
0.012085000000000002
0.012085000000000002
0.012085000000000002
0.012085000000000002
0.012085000000000002
0.012085000000000002
0.012085000000000002
0.012085000000000002
0.012085000000000002
0.012085000000000002
0.012085000000000002
0.012085000000000002
0.012085000000000002
0.012085000000000002
0.012085000000000002
0.012085000000000002
0.012085000000000002
0.012085000000000002
0.012085000000000002
0.012085000000000002
0.012085000000000002
0.012085000000000002
0.012085000000000002
0.012085000000000002
0.012085000000000002
0.012085000000000002
0.012085000000000002
0.012085000000000002
0.012085000000000002
0.012085000000000002
0.012085000000000002
0.012085000000000002
0.012085000000000002
0.012085000000000002
0.012085000000000002
0.012085000000000002
0.012085000000000002
0.012085000000000002
0.012085000000000002
0.012085000000000002
0.012085000000000002
0.012085000000000002
0.012085000000000002
0.012085000000000002
0.012085000000000002
0.012085000000000002
0.012085000000000002
0.012085000000000002
0.012085000000000002
0.012085000000000002
0.012085000000000002
0.012085000000000002
0.012085000000000002
0.012085000000000002
0.012085000000000002
0.012085000000000002
0.012085000000000002
0.012085000000000002
0.012085000000000002
0.012085000000000002
0.012085000000000002
0.012085000000000002
0.012085000000000002
0.012085000000000002
0.012085000000000002
0.012085000000000002
0.012085000000000002
0.012085000000000002
0.012085000000000002
0.012085000000000002
0.012085000000000002
0.012085000000000002
0.012085000000000002
0.012085000000000002
0.012085000000000002
0.012085000000000002
0.012085000000000002
0.012085000000000002
0.012085000000000002
0.012085000000000002
0.012085000000000002
0.012085000000000002
0.012085000000000002
0.012085000000000002
0.012085000000000002
0.012085000000000002
0.012085000000000002
0.012085000000000002
0.012085000000000002
0.012085000000000002
0.012085000000000002
0.012085000000000002
0.012085000000000002
0.012085000000000002
0.012085000000000002
0.012085000000000002
0.012085000000000002
0.012085000000000002
0.012085000000000002
0.012085000000000002
0.012085000000000002
0.012085000000000002
0.012085000000000002
0.012085000000000002
0.012085000000000002
0.012085000000000002
0.012085000000000002
0.012085000000000002
0.012085000000000002
0.012085000000000002
0.012085000000000002
0.012085000000000002
0.012085000000000002
0.012085000000000002
0.012085000000000002
0.012085000000000002
0.012085000000000002
0.012085000000000002
0.012085000000000002
0.012085000000000002
0.012085000000000002
0.012085000000000002
0.012085000000000002
0.012085000000000002
0.012085000000000002
0.012085000000000002
0.012085000000000002
0.012085000000000002
0.012085000000000002
0.012085000000000002
0.012085000000000002
0.012085000000000002
0.012085000000000002
0.012085000000000002
0.012085000000000002
0.012085000000000002
0.012085000000000002
0.012085000000000002
0.012085000000000002
0.012085000000000002
0.012085000000000002
0.012085000000000002
0.012085000000000002
0.012085000000000002
0.012085000000000002
0.012085000000000002
0.012085000000000002
0.012085000000000002
0.012085000000000002
0.012085000000000002
0.012085000000000002
0.012085000000000002
0.012085000000000002
0.012085000000000002
0.012085000000000002
0.012085000000000002
0.012085000000000002
0.012085000000000002
0.012085000000000002
0.012085000000000002
0.012085000000000002
0.012085000000000002
0.012085000000000002
0.012085000000000002
0.012085000000000002
0.012085000000000002
0.012085000000000002
0.012085000000000002
0.012085000000000002
0.012085000000000002
0.012085000000000002
0.012085000000000002
0.012085000000000002
0.012085000000000002
0.012085000000000002
0.012085000000000002
0.012085000000000002
0.012085000000000002
0.012085000000000002
0.012085000000000002
0.012085000000000002
0.012085000000000002
0.012085000000000002
0.012085000000000002
0.012085000000000002
0.012085000000000002
0.012085000000000002
0.012085000000000002
0.012085000000000002
0.012085000000000002
0.012085000000000002
0.012085000000000002
0.012085000000000002
0.012085000000000002
0.012085000000000002
