1621.1543576812753
1191.5576074711782
1754.9706292948551
1823.3827003036051
1560.7956213757302
1340.6175191810887
1757.9625987785876
1741.408751054501
1694.3156284393813
1368.002112783395
1412.0871280175445
1618.5940352824809
2200.0450976872162
1390.5861148225608
1736.3383494663201
1739.3008750782562
2234.9843310359365
2075.636894360191
1719.6949726085847
1885.1543670862104
1484.1450045649447
1090.9036827718489
1997.0948711394487
1596.4478425010323
1654.876994767749
970.09622312609974
1923.1946218972341
1378.6213379020944
1795.7228886700766
1463.8233131034751
1613.167719680303
1770.0109862041963
1158.0091580102076
1808.3070478596183
1840.1949553543004
1594.1452336508482
1585.4783274341535
1206.9553229471981
2098.3710370921863
1400.9702886973828
1502.1918946973192
2194.979863387191
1732.6189775006449
1361.6476910511321
*******************************
1638.3764767231726
