1
1
1
0.5
0.24609350000000002
0.24609350000000002
0.076904687499999999
0.018887592529296872
0.017995456016540529
0.018269114004135133
0.018269114004135133
0.015629014250516892
0.013739007125258447
0.011804250890657307
0.012599062722664327
0.012599062722664327
0.012599062722664327
0.012599062722664327
0.012599062722664327
0.012599062722664327
0.012599062722664327
0.012599062722664327
0.012599062722664327
0.012599062722664327
0.012599062722664327
0.012599062722664327
0.0099205313613321636
0.0092634770525208149
0.0050737385262604072
0.005367398078945638
0.0058241990394728195
0.0059095497598682049
0.0078381937199835262
0.0079425968599917633
0.0076577984299958813
0.0080643992149979395
0.0081656996074989698
0.0081656996074989698
0.0081656996074989698
0.0083984249018747431
0.0084857124509373719
0.0084857124509373719
0.0084857124509373719
0.0084857124509373719
0.0099223562254686856
0.0093736781127343426
0.0086963390563671722
0.0084388347640917925
0.0080805573363778686
0.0080557786681889343
0.0080557786681889343
0.008025889334094467
0.008025889334094467
0.008025889334094467
0.0082139446670472342
0.0082139446670472342
0.0083514723335236171
0.0083514723335236171
0.0084212361667618078
0.0084212361667618078
0.0086466180833809046
0.0085264761302113069
0.0085264761302113069
0.008472309516276413
0.0085115386895345518
0.0085115386895345518
0.0085115386895345518
0.0085115386895345518
0.0085115386895345518
0.0085115386895345518
0.0085115386895345518
0.0085115386895345518
0.008527567336191819
0.0087634459170239775
0.0086819653698139987
0.0086819653698139987
0.0086769826849069989
0.0086769826849069989
0.0086769826849069989
0.0086769826849069989
0.0087797456712267498
0.0088169295522258356
0.0088169911940282307
0.0088169911940282307
0.0088154955970141148
0.008775623899253529
0.0087349529874066918
0.0086882441234258367
0.0086890610308564594
0.0086890610308564594
0.0086890610308564594
0.0086890610308564594
0.0087010305154282298
0.0087010305154282298
0.0087010305154282298
0.0087010305154282298
0.0087010305154282298
0.0087010305154282298
0.0087095152577141149
0.0087337576288570584
0.0087398788144285294
0.0087398788144285294
0.0087398788144285294
0.0087398788144285294
0.0087398788144285294
0.0087398788144285294
0.0087398788144285294
0.0087349394072142646
0.0087334697036071315
0.0087334697036071315
0.0087331174259017812
0.0087331174259017812
0.0087331174259017812
0.0087331174259017812
0.0087331174259017812
0.0087331174259017812
0.0087575587129508914
0.0087575587129508914
0.0087575587129508914
0.0087607793564754462
0.0087607793564754462
0.0087674306048898584
0.0087659548070503496
0.0087659774035251745
0.0087659774035251745
0.0087659887017625879
0.0087659943508812937
0.0087659943508812937
0.0087659971754406457
0.0087659985877203226
0.0087659998234650392
0.0087659999558662594
0.0087659999944832822
0.0087659999944832822
0.0087659999986208197
0.0087659999993104087
0.0087659999993104087
0.0087659999996552041
0.0087659999998276027
0.0087659999999138011
0.0087659999999784508
0.0087659999999784508
0.0087659999999784508
0.0087659999999784508
0.0087659999999973055
0.0087659999999998312
0.0087659999999998312
0.0087659999999998312
0.0087659999999998312
0.0087659999999999162
0.0087659999999999162
0.0087659999999999579
0.0087659999999999579
0.0087659999999999891
0.0087659999999999943
0.0087659999999999995
0.0087659999999999995
0.0087659999999999995
0.0087659999999999995
0.0087659999999999995
0.0087659999999999995
0.0087659999999999995
0.0087659999999999995
0.0087659999999999995
0.0087659999999999995
0.0087659999999999995
0.0087659999999999995
0.0087659999999999995
0.0087659999999999995
0.0087659999999999995
0.0087659999999999995
0.0087659999999999995
0.0087659999999999995
0.0087659999999999995
0.0087659999999999995
0.0087659999999999995
0.0087659999999999995
0.0087659999999999995
0.0087659999999999995
0.0087659999999999995
0.0087659999999999995
0.0087659999999999995
0.0087659999999999995
0.0087659999999999995
0.0087659999999999995
0.0087659999999999995
0.0087659999999999995
0.0087659999999999995
0.0087659999999999995
0.0087659999999999995
0.0087659999999999995
0.0087659999999999995
0.0087659999999999995
0.0087659999999999995
0.0087659999999999995
0.0087659999999999995
0.0087659999999999995
0.0087659999999999995
0.0087659999999999995
0.0087659999999999995
0.0087659999999999995
0.0087659999999999995
0.0087659999999999995
0.0087659999999999995
0.0087659999999999995
0.0087659999999999995
0.0087659999999999995
0.0087659999999999995
0.0087659999999999995
0.0087659999999999995
0.0087659999999999995
0.0087659999999999995
0.0087659999999999995
0.0087659999999999995
0.0087659999999999995
0.0087659999999999995
0.0087659999999999995
0.0087659999999999995
0.0087659999999999995
0.0087659999999999995
0.0087659999999999995
0.0087659999999999995
0.0087659999999999995
0.0087659999999999995
0.0087659999999999995
0.0087659999999999995
0.0087659999999999995
0.0087659999999999995
0.0087659999999999995
0.0087659999999999995
0.0087659999999999995
0.0087659999999999995
0.0087659999999999995
0.0087659999999999995
0.0087659999999999995
0.0087659999999999995
0.0087659999999999995
0.0087659999999999995
0.0087659999999999995
0.0087659999999999995
0.0087659999999999995
0.0087659999999999995
0.0087659999999999995
0.0087659999999999995
0.0087659999999999995
0.0087659999999999995
0.0087659999999999995
0.0087659999999999995
0.0087659999999999995
0.0087659999999999995
0.0087659999999999995
0.0087659999999999995
0.0087659999999999995
0.0087659999999999995
0.0087659999999999995
0.0087659999999999995
0.0087659999999999995
0.0087659999999999995
0.0087659999999999995
0.0087659999999999995
0.0087659999999999995
0.0087659999999999995
0.0087659999999999995
0.0087659999999999995
0.0087659999999999995
0.0087659999999999995
0.0087659999999999995
0.0087659999999999995
0.0087659999999999995
0.0087659999999999995
0.0087659999999999995
0.0087659999999999995
0.0087659999999999995
0.0087659999999999995
0.0087659999999999995
0.0087659999999999995
0.0087659999999999995
0.0087659999999999995
0.0087659999999999995
0.0087659999999999995
0.0087659999999999995
0.0087659999999999995
0.0087659999999999995
0.0087659999999999995
0.0087659999999999995
0.0087659999999999995
0.0087659999999999995
0.0087659999999999995
0.0087659999999999995
0.0087659999999999995
0.0087659999999999995
0.0087659999999999995
0.0087659999999999995
0.0087659999999999995
0.0087659999999999995
0.0087659999999999995
0.0087659999999999995
0.0087659999999999995
0.0087659999999999995
0.0087659999999999995
0.0087659999999999995
0.0087659999999999995
0.0087659999999999995
0.0087659999999999995
0.0087659999999999995
0.0087659999999999995
0.0087659999999999995
0.0087659999999999995
0.0087659999999999995
0.0087659999999999995
0.0087659999999999995
0.0087659999999999995
0.0087659999999999995
0.0087659999999999995
0.0087659999999999995
0.0087659999999999995
0.0087659999999999995
0.0087659999999999995
0.0087659999999999995
0.0087659999999999995
0.0087659999999999995
0.0087659999999999995
0.0087659999999999995
0.0087659999999999995
0.0087659999999999995
0.0087659999999999995
0.0087659999999999995
0.0087659999999999995
0.0087659999999999995
0.0087659999999999995
0.0087659999999999995
0.0087659999999999995
0.0087659999999999995
0.0087659999999999995
0.0087659999999999995
0.0087659999999999995
0.0087659999999999995
0.0087659999999999995
0.0087659999999999995
0.0087659999999999995
0.0087659999999999995
0.0087659999999999995
0.0087659999999999995
0.0087659999999999995
0.0087659999999999995
0.0087659999999999995
0.0087659999999999995
0.0087659999999999995
0.0087659999999999995
0.0087659999999999995
0.0087659999999999995
0.0087659999999999995
0.0087659999999999995
0.0087659999999999995
0.0087659999999999995
0.0087659999999999995
0.0087659999999999995
0.0087659999999999995
0.0087659999999999995
0.0087659999999999995
0.0087659999999999995
0.0087659999999999995
0.0087659999999999995
0.0087659999999999995
0.0087659999999999995
0.0087659999999999995
0.0087659999999999995
0.0087659999999999995
0.0087659999999999995
0.0087659999999999995
0.0087659999999999995
0.0087659999999999995
0.0087659999999999995
0.0087659999999999995
0.0087659999999999995
0.0087659999999999995
0.0087659999999999995
0.0087659999999999995
