1773.9091382467918
2178.2432660822105
1668.6255552977393
1623.449120592865
2143.6031244227711
951.23999693047119
1917.5386602176891
1520.4959814379843
1597.0752620405619
1590.8616690167528
1231.2923882157954
1613.1052182188985
1870.7669170584229
2481.3056556111333
1231.2682788971958
2123.2008553872829
1364.6756879951702
1556.8204287449933
2658.2855060624838
1946.7531748891433
1245.1889308173352
2531.713087664049
2046.6115472397828
1388.7935621307909
1511.7995352547196
2215.6360362714672
1377.6277297667086
1742.7913567614146
1458.1538900648513
2115.9128361728813
1341.2166865418553
1537.8864200107316
1917.232080942922
1713.5765568471288
2112.6806726813352
1217.1090131791034
2579.1674911159766
1386.1794660135158
2447.3166906606471
1846.1434912694974
2182.4899310020228
2157.5916180365211
1526.9313496730017
*******************************
1782.378275941503
