1
1
1
1
0.6015625
0.6015625
0.20678706250000001
0.017871943481445315
0.016447632370948793
0.018211158092737198
0.018211158092737198
0.015496394761592151
0.015464197380796074
0.037207299345199014
0.049823649672599508
0.049823649672599508
0.049823649672599508
0.049823649672599508
0.049823649672599508
0.049823649672599508
0.049823649672599508
0.049823649672599508
0.049823649672599508
0.049823649672599508
0.049823649672599508
0.049823649672599508
0.040242824836299755
0.035789682026134362
0.018240170506533593
0.02304307315665835
0.02304307315665835
0.032258884144582292
0.032920471036145572
0.03268611775903639
0.032913058879518196
0.032913058879518196
0.035726529439759097
0.035726529439759097
0.035726529439759097
0.038260191179969885
0.038260191179969885
0.038260191179969885
0.038260191179969885
0.038260191179969885
0.038266095589984943
0.038266095589984943
0.038266095589984943
0.034837773897496233
0.030648798368593515
0.030648798368593515
0.030842399184296758
0.030973699592148379
0.030973699592148379
0.030973699592148379
0.030906349796074189
0.030906349796074189
0.030906349796074189
0.031403174898037095
0.031317087449018545
0.031317087449018545
0.032853543724509271
0.03467603398278183
0.03467603398278183
0.035247879247847724
0.035038939623923862
0.035151969811961933
0.035151969811961933
0.035151969811961933
0.035151969811961933
0.035151969811961933
0.035151969811961933
0.035151969811961933
0.034916998113247624
0.034523874764155957
0.034802558586379873
0.034802558586379873
0.033845279293189937
0.033845279293189937
0.033845279293189937
0.033845279293189937
0.033892639646594967
0.034044227477912185
0.034046778434739022
0.034046778434739022
0.03413944460868476
0.034405611152171188
0.034379663197010697
0.034403415799252671
0.034354353949813163
0.034354353949813163
0.034354353949813163
0.034354353949813163
0.034365676974906584
0.034365676974906584
0.034365676974906584
0.034365676974906584
0.034365676974906584
0.034365676974906584
0.034271919243726648
0.034258959621863323
0.034252479810931658
0.034252479810931658
0.034252479810931658
0.034252479810931658
0.034252479810931658
0.034252479810931658
0.034252479810931658
0.034239739905465832
0.034236869952732916
0.034236869952732916
0.034235967488183229
0.034235967488183229
0.034235967488183229
0.034235967488183229
0.034235967488183229
0.034235967488183229
0.034227983744091611
0.034227983744091611
0.034227983744091611
0.03422799187204581
0.03422799187204581
0.034225248984005724
0.034225001945187544
0.034225000972593775
0.034225000972593775
0.034224500486296883
0.034224750243148444
0.034224875121574225
0.034224937560787108
0.03422496878039355
0.034225496097549199
0.034225812012193643
0.034225976501524202
0.034225976501524202
0.034225997062690527
0.03422599926567263
0.034225999632836318
0.034225999816418162
0.034225999908209084
0.034225249977052272
0.034225062494263062
0.034225062494263062
0.034225062494263062
0.034225062494263062
0.034225003905891435
0.034225000488236429
0.034225000488236429
0.034225000488236429
0.034225000488236429
0.034225000122059104
0.034225000122059104
0.034225000061029548
0.034225000061029548
0.034225000030514777
0.034225000007628695
0.034225000001907174
0.034225000000238398
0.034225000000001865
0.034225000000000019
0.034225000000000005
0.034225000000000005
0.034225000000000005
0.034225000000000005
0.034225000000000005
0.034225000000000005
0.034225000000000005
0.034225000000000005
0.034225000000000005
0.034225000000000005
0.034225000000000005
0.034225000000000005
0.034225000000000005
0.034225000000000005
0.034225000000000005
0.034225000000000005
0.034225000000000005
0.034225000000000005
0.034225000000000005
0.034225000000000005
0.034225000000000005
0.034225000000000005
0.034225000000000005
0.034225000000000005
0.034225000000000005
0.034225000000000005
0.034225000000000005
0.034225000000000005
0.034225000000000005
0.034225000000000005
0.034225000000000005
0.034225000000000005
0.034225000000000005
0.034225000000000005
0.034225000000000005
0.034225000000000005
0.034225000000000005
0.034225000000000005
0.034225000000000005
0.034225000000000005
0.034225000000000005
0.034225000000000005
0.034225000000000005
0.034225000000000005
0.034225000000000005
0.034225000000000005
0.034225000000000005
0.034225000000000005
0.034225000000000005
0.034225000000000005
0.034225000000000005
0.034225000000000005
0.034225000000000005
0.034225000000000005
0.034225000000000005
0.034225000000000005
0.034225000000000005
0.034225000000000005
0.034225000000000005
0.034225000000000005
0.034225000000000005
0.034225000000000005
0.034225000000000005
0.034225000000000005
0.034225000000000005
0.034225000000000005
0.034225000000000005
0.034225000000000005
0.034225000000000005
0.034225000000000005
0.034225000000000005
0.034225000000000005
0.034225000000000005
0.034225000000000005
0.034225000000000005
0.034225000000000005
0.034225000000000005
0.034225000000000005
0.034225000000000005
0.034225000000000005
0.034225000000000005
0.034225000000000005
0.034225000000000005
0.034225000000000005
0.034225000000000005
0.034225000000000005
0.034225000000000005
0.034225000000000005
0.034225000000000005
0.034225000000000005
0.034225000000000005
0.034225000000000005
0.034225000000000005
0.034225000000000005
0.034225000000000005
0.034225000000000005
0.034225000000000005
0.034225000000000005
0.034225000000000005
0.034225000000000005
0.034225000000000005
0.034225000000000005
0.034225000000000005
0.034225000000000005
0.034225000000000005
0.034225000000000005
0.034225000000000005
0.034225000000000005
0.034225000000000005
0.034225000000000005
0.034225000000000005
0.034225000000000005
0.034225000000000005
0.034225000000000005
0.034225000000000005
0.034225000000000005
0.034225000000000005
0.034225000000000005
0.034225000000000005
0.034225000000000005
0.034225000000000005
0.034225000000000005
0.034225000000000005
0.034225000000000005
0.034225000000000005
0.034225000000000005
0.034225000000000005
0.034225000000000005
0.034225000000000005
0.034225000000000005
0.034225000000000005
0.034225000000000005
0.034225000000000005
0.034225000000000005
0.034225000000000005
0.034225000000000005
0.034225000000000005
0.034225000000000005
0.034225000000000005
0.034225000000000005
0.034225000000000005
0.034225000000000005
0.034225000000000005
0.034225000000000005
0.034225000000000005
0.034225000000000005
0.034225000000000005
0.034225000000000005
0.034225000000000005
0.034225000000000005
0.034225000000000005
0.034225000000000005
0.034225000000000005
0.034225000000000005
0.034225000000000005
0.034225000000000005
0.034225000000000005
0.034225000000000005
0.034225000000000005
0.034225000000000005
0.034225000000000005
0.034225000000000005
0.034225000000000005
0.034225000000000005
0.034225000000000005
0.034225000000000005
0.034225000000000005
0.034225000000000005
0.034225000000000005
0.034225000000000005
0.034225000000000005
0.034225000000000005
0.034225000000000005
0.034225000000000005
0.034225000000000005
0.034225000000000005
0.034225000000000005
0.034225000000000005
0.034225000000000005
0.034225000000000005
0.034225000000000005
0.034225000000000005
0.034225000000000005
0.034225000000000005
0.034225000000000005
0.034225000000000005
0.034225000000000005
0.034225000000000005
0.034225000000000005
0.034225000000000005
0.034225000000000005
0.034225000000000005
0.034225000000000005
0.034225000000000005
0.034225000000000005
0.034225000000000005
0.034225000000000005
0.034225000000000005
0.034225000000000005
0.034225000000000005
0.034225000000000005
0.034225000000000005
0.034225000000000005
0.034225000000000005
0.034225000000000005
0.034225000000000005
0.034225000000000005
0.034225000000000005
0.034225000000000005
0.034225000000000005
0.034225000000000005
0.034225000000000005
0.034225000000000005
0.034225000000000005
0.034225000000000005
0.034225000000000005
0.034225000000000005
0.034225000000000005
0.034225000000000005
