2292.0139732760576
834.74113931096008
2482.9901049700088
1131.7963419859996
1975.6501477664146
1612.1366436149194
2395.4325676116655
2052.0139109889587
2144.7273579461944
2061.8449272501839
2118.6503729848328
1921.388775957116
2252.420076101359
2214.6579684493386
1110.7075509540582
2418.8983521110094
1340.192274152831
1482.302496543688
1758.0617346374038
2556.000000022239
916.93491808063152
2144.2634097023742
2388.6853742411054
859.99370668893516
915.42569783323108
2122.4008669602626
1933.9393008746606
2210.2061152808592
1620.5060842587409
2330.7470466419045
953.06978799581236
2185.7293102248727
2453.0939086536132
2571.4395666375531
1861.9451317883932
1119.3477988482202
865.17571370337077
923.46114001135061
1814.9588277981732
2468.3403515438413
2509.9087388618777
2435.0713602974984
2194.525897593061
840.80441729902077
*******************************
1836.2863906466957
