1
1
1
1
0.34375
0.34375
0.20410187499999999
0.014350545898437501
0.014136735809326173
0.017534433952331542
0.017534433952331542
0.014425214622020722
0.017069107311010363
0.019717694206938148
0.020735847103469075
0.020735847103469075
0.020735847103469075
0.020735847103469075
0.020735847103469075
0.020735847103469075
0.020735847103469075
0.020735847103469075
0.020735847103469075
0.020735847103469075
0.020735847103469075
0.020735847103469075
0.027758461775867271
0.030099795680495853
0.025396397840247928
0.019648512432507745
0.014616756216253872
0.013848609763515866
0.015461402440878966
0.017063175305109868
0.017063175305109868
0.018337087652554936
0.018337087652554936
0.018337087652554936
0.018337087652554936
0.018213021913138734
0.018207010956569368
0.018207010956569368
0.018207010956569368
0.018207010956569368
0.018207010956569368
0.018207010956569368
0.018207010956569368
0.018759252739142342
0.018265563184785585
0.018200890796196398
0.018200890796196398
0.0178164453980982
0.0178164453980982
0.0178164453980982
0.017447722699049102
0.017447722699049102
0.01700036134952455
0.01700036134952455
0.017043180674762275
0.017043180674762275
0.017265545168690569
0.017944068146086321
0.017944068146086321
0.01792276703652158
0.017866720879565201
0.017866720879565201
0.017866720879565201
0.017866720879565201
0.017866720879565201
0.017866720879565201
0.017866720879565201
0.017866720879565201
0.017798590109945649
0.017714323763743205
0.017842260117616977
0.017842260117616977
0.017782065029404246
0.017782065029404246
0.017782065029404246
0.017782065029404246
0.017753516257351061
0.017756016133042223
0.01775600201663028
0.01775600201663028
0.01776225050415757
0.017789562626039392
0.017801195328254922
0.017777149416031864
0.017723537354007966
0.017723537354007966
0.017723537354007966
0.017723537354007966
0.017731768677003983
0.017741384338501989
0.017741384338501989
0.017741384338501989
0.017741384338501989
0.017741384338501989
0.017742846084625494
0.017741923042312747
0.017741980760578188
0.017741980760578188
0.017741980760578188
0.017741980760578188
0.017741980760578188
0.017741980760578188
0.017741980760578188
0.017744990380289094
0.017745495190144546
0.017745495190144546
0.017745061898768066
0.017745061898768066
0.017745061898768066
0.017745061898768066
0.017745061898768066
0.017745061898768066
0.017735265474692015
0.017735265474692015
0.017735265474692015
0.017740066368673004
0.017740066368673004
0.01774047082402103
0.017741841926501314
0.017741920963250658
0.017741920963250658
0.017741920963250658
0.017741960481625331
0.017741960481625331
0.017741980240812666
0.01774249012040633
0.017743968132525392
0.01774399601656567
0.017743999502070708
0.017743999502070708
0.017743999937758839
0.017743499968879417
0.017743499968879417
0.017743249984439706
0.017743062496109928
0.017743062496109928
0.017743015624027483
0.017743007812013739
0.017743007812013739
0.017743007812013739
0.017743000488250858
0.017743000061031355
0.017743000061031355
0.017743000061031355
0.017743000061031355
0.017743000030515675
0.017743000030515675
0.017743000015257838
0.017743000015257838
0.017743000003814458
0.017743000001907226
0.017743000000476808
0.017743000000007447
0.017743000000000113
0.017743000000000002
0.017743000000000002
0.017743000000000002
0.017743000000000002
0.017743000000000002
0.017743000000000002
0.017743000000000002
0.017743000000000002
0.017743000000000002
0.017743000000000002
0.017743000000000002
0.017743000000000002
0.017743000000000002
0.017743000000000002
0.017743000000000002
0.017743000000000002
0.017743000000000002
0.017743000000000002
0.017743000000000002
0.017743000000000002
0.017743000000000002
0.017743000000000002
0.017743000000000002
0.017743000000000002
0.017743000000000002
0.017743000000000002
0.017743000000000002
0.017743000000000002
0.017743000000000002
0.017743000000000002
0.017743000000000002
0.017743000000000002
0.017743000000000002
0.017743000000000002
0.017743000000000002
0.017743000000000002
0.017743000000000002
0.017743000000000002
0.017743000000000002
0.017743000000000002
0.017743000000000002
0.017743000000000002
0.017743000000000002
0.017743000000000002
0.017743000000000002
0.017743000000000002
0.017743000000000002
0.017743000000000002
0.017743000000000002
0.017743000000000002
0.017743000000000002
0.017743000000000002
0.017743000000000002
0.017743000000000002
0.017743000000000002
0.017743000000000002
0.017743000000000002
0.017743000000000002
0.017743000000000002
0.017743000000000002
0.017743000000000002
0.017743000000000002
0.017743000000000002
0.017743000000000002
0.017743000000000002
0.017743000000000002
0.017743000000000002
0.017743000000000002
0.017743000000000002
0.017743000000000002
0.017743000000000002
0.017743000000000002
0.017743000000000002
0.017743000000000002
0.017743000000000002
0.017743000000000002
0.017743000000000002
0.017743000000000002
0.017743000000000002
0.017743000000000002
0.017743000000000002
0.017743000000000002
0.017743000000000002
0.017743000000000002
0.017743000000000002
0.017743000000000002
0.017743000000000002
0.017743000000000002
0.017743000000000002
0.017743000000000002
0.017743000000000002
0.017743000000000002
0.017743000000000002
0.017743000000000002
0.017743000000000002
0.017743000000000002
0.017743000000000002
0.017743000000000002
0.017743000000000002
0.017743000000000002
0.017743000000000002
0.017743000000000002
0.017743000000000002
0.017743000000000002
0.017743000000000002
0.017743000000000002
0.017743000000000002
0.017743000000000002
0.017743000000000002
0.017743000000000002
0.017743000000000002
0.017743000000000002
0.017743000000000002
0.017743000000000002
0.017743000000000002
0.017743000000000002
0.017743000000000002
0.017743000000000002
0.017743000000000002
0.017743000000000002
0.017743000000000002
0.017743000000000002
0.017743000000000002
0.017743000000000002
0.017743000000000002
0.017743000000000002
0.017743000000000002
0.017743000000000002
0.017743000000000002
0.017743000000000002
0.017743000000000002
0.017743000000000002
0.017743000000000002
0.017743000000000002
0.017743000000000002
0.017743000000000002
0.017743000000000002
0.017743000000000002
0.017743000000000002
0.017743000000000002
0.017743000000000002
0.017743000000000002
0.017743000000000002
0.017743000000000002
0.017743000000000002
0.017743000000000002
0.017743000000000002
0.017743000000000002
0.017743000000000002
0.017743000000000002
0.017743000000000002
0.017743000000000002
0.017743000000000002
0.017743000000000002
0.017743000000000002
0.017743000000000002
0.017743000000000002
0.017743000000000002
0.017743000000000002
0.017743000000000002
0.017743000000000002
0.017743000000000002
0.017743000000000002
0.017743000000000002
0.017743000000000002
0.017743000000000002
0.017743000000000002
0.017743000000000002
0.017743000000000002
0.017743000000000002
0.017743000000000002
0.017743000000000002
0.017743000000000002
0.017743000000000002
0.017743000000000002
0.017743000000000002
0.017743000000000002
0.017743000000000002
0.017743000000000002
0.017743000000000002
0.017743000000000002
0.017743000000000002
0.017743000000000002
0.017743000000000002
0.017743000000000002
0.017743000000000002
0.017743000000000002
0.017743000000000002
0.017743000000000002
0.017743000000000002
0.017743000000000002
0.017743000000000002
0.017743000000000002
0.017743000000000002
0.017743000000000002
0.017743000000000002
0.017743000000000002
0.017743000000000002
0.017743000000000002
0.017743000000000002
0.017743000000000002
0.017743000000000002
0.017743000000000002
0.017743000000000002
0.017743000000000002
0.017743000000000002
0.017743000000000002
0.017743000000000002
0.017743000000000002
0.017743000000000002
0.017743000000000002
0.017743000000000002
0.017743000000000002
0.017743000000000002
0.017743000000000002
0.017743000000000002
0.017743000000000002
0.017743000000000002
0.017743000000000002
0.017743000000000002
